age,fnlwgt,education-num,capital-gain,capital-loss,hours-per-week,workclass_Non-Private,workclass_Private,marital-status_Married,marital-status_Non-Married,occupation_Managerial-Specialist,occupation_Other,relationship_Husband,relationship_Non-Husband,race_Non-White,race_White,sex_Female,sex_Male,native-country_Non-US,native-country_US,prediction
1.0592263,0.80352736,1.1480381,0.04441712,0.55066526,-0.3480012,1.0,0.0,0.0,1.0,1.0,0.0,0.0,1.0,0.0,1.0,0.0,1.0,0.0,1.0,1
0.452073,0.04738351,0.8001476,0.08180589,-1.0912991e-05,0.122517176,1.0,0.0,1.0,0.0,1.0,0.0,1.0,0.0,0.0,1.0,0.0,1.0,0.0,1.0,1
0.9075473,-0.6814544,0.06288183,0.2542955,-0.6393726,1.0553136,0.0,1.0,0.0,1.0,0.0,1.0,0.0,1.0,0.0,1.0,0.0,1.0,0.0,1.0,1
0.4932335,0.1509321,0.46041766,0.110367544,0.0009870796,0.3966013,0.0,1.0,1.0,0.0,0.0,1.0,1.0,0.0,1.0,0.0,0.0,1.0,0.0,1.0,1
0.15089,0.22089456,0.799713,0.070997514,-0.00018499477,0.3978547,0.0,1.0,1.0,0.0,1.0,0.0,0.0,1.0,1.0,0.0,1.0,0.0,1.0,0.0,1
0.43825006,0.099887304,0.40160105,0.23966615,-7.2297276e-05,0.20925426,0.0,1.0,0.0,1.0,0.0,1.0,0.0,1.0,1.0,0.0,1.0,0.0,1.0,0.0,1
0.4797243,0.1335789,0.53340733,0.08825457,0.00033673347,0.44899732,1.0,0.0,1.0,0.0,1.0,0.0,1.0,0.0,0.0,1.0,0.0,1.0,0.0,1.0,1
0.27394992,0.18158707,0.5997981,0.051871676,0.00012585965,0.806164,0.0,1.0,1.0,0.0,1.0,0.0,1.0,0.0,1.0,0.0,0.0,1.0,0.0,1.0,1
0.17827529,0.08744692,0.79967093,0.07334072,0.00022978958,0.3978181,1.0,0.0,1.0,0.0,1.0,0.0,1.0,0.0,1.0,0.0,0.0,1.0,1.0,0.0,1
0.35209876,-0.47219196,1.005232,0.14093158,0.47850335,-0.19018365,0.0,1.0,0.0,1.0,1.0,0.0,0.0,1.0,0.0,1.0,1.0,0.0,0.0,1.0,1
0.8341901,-0.6643378,0.27478817,0.34869713,-0.7106395,-0.12571272,0.0,1.0,0.0,1.0,0.0,1.0,0.0,1.0,1.0,0.0,0.0,1.0,0.0,1.0,1
0.8444907,-0.39326048,0.42614028,0.21631527,-0.34538403,0.02349081,0.0,1.0,1.0,0.0,0.0,1.0,1.0,0.0,1.0,0.0,0.0,1.0,0.0,1.0,1
0.23306297,0.15784457,0.20170985,0.18543045,0.00031628556,0.44913456,0.0,1.0,1.0,0.0,0.0,1.0,1.0,0.0,1.0,0.0,0.0,1.0,1.0,0.0,1
0.536196,0.9198672,0.89286894,0.13538669,0.6217838,-0.39507362,1.0,0.0,0.0,1.0,0.0,1.0,0.0,1.0,0.0,1.0,0.0,1.0,0.0,1.0,1
0.5469883,0.9141091,0.728008,-0.0007367019,0.5553394,0.84867454,0.0,1.0,0.0,1.0,1.0,0.0,0.0,1.0,0.0,1.0,0.0,1.0,0.0,1.0,1
0.28765702,0.011396732,0.46608907,0.112388834,0.0045152376,0.4998069,0.0,1.0,1.0,0.0,0.0,1.0,1.0,0.0,0.0,1.0,0.0,1.0,0.0,1.0,1
-0.14470631,0.6942798,0.5031272,0.14311294,0.4916759,0.86786115,1.0,0.0,0.0,1.0,1.0,0.0,0.0,1.0,0.0,1.0,1.0,0.0,0.0,1.0,1
0.50687385,0.1960729,0.5788618,0.19664757,-6.983178e-05,0.19394812,0.0,1.0,0.0,1.0,0.0,1.0,0.0,1.0,1.0,0.0,1.0,0.0,0.0,1.0,1
0.24608809,0.04423539,0.26711705,0.16545002,0.000547501,0.3981551,1.0,0.0,1.0,0.0,0.0,1.0,1.0,0.0,1.0,0.0,0.0,1.0,0.0,1.0,1
-0.48555362,0.83571416,0.8313105,0.08918635,-0.22026479,1.0387033,0.0,1.0,1.0,0.0,0.0,1.0,1.0,0.0,0.0,1.0,0.0,1.0,0.0,1.0,1
-1.8153784,-2.5686874,-1.2007248,1.4309272,-2.5287285,-1.8871685,0.0,1.0,0.0,1.0,0.0,1.0,0.0,1.0,0.0,1.0,1.0,0.0,0.0,1.0,1
0.5342133,0.13823785,0.7997622,0.07007112,0.00018072281,0.3978455,1.0,0.0,1.0,0.0,0.0,1.0,1.0,0.0,0.0,1.0,0.0,1.0,0.0,1.0,1
0.4747217,-0.75360245,0.9157944,0.17134656,-0.85162234,0.9448794,0.0,1.0,0.0,1.0,0.0,1.0,0.0,1.0,0.0,1.0,0.0,1.0,0.0,1.0,1
0.50670505,0.113555215,0.59971386,0.077414565,-0.00043434976,0.6021301,0.0,1.0,1.0,0.0,0.0,1.0,1.0,0.0,1.0,0.0,0.0,1.0,1.0,0.0,1
-0.12673683,0.74641174,0.20663548,0.14817981,0.44432968,1.240863,0.0,1.0,0.0,1.0,1.0,0.0,0.0,1.0,0.0,1.0,0.0,1.0,0.0,1.0,1
0.4383043,0.12246542,0.55641466,0.09599769,-4.4642875e-05,0.39836606,0.0,1.0,1.0,0.0,0.0,1.0,1.0,0.0,0.0,1.0,0.0,1.0,0.0,1.0,1
-0.09951867,0.36778533,0.9092994,0.17029676,0.24861841,0.2751067,1.0,0.0,0.0,1.0,0.0,1.0,0.0,1.0,0.0,1.0,0.0,1.0,0.0,1.0,1
0.12530407,0.4065399,0.6685122,0.14911719,0.20548561,0.5558805,0.0,1.0,0.0,1.0,0.0,1.0,0.0,1.0,1.0,0.0,0.0,1.0,0.0,1.0,1
-0.58612704,1.4105048,0.03402092,0.3224232,-0.6750615,1.4171985,0.0,1.0,0.0,1.0,1.0,0.0,0.0,1.0,0.0,1.0,0.0,1.0,0.0,1.0,1
0.1845429,0.03247501,0.6464123,0.11310532,0.00021583764,0.3979476,1.0,0.0,1.0,0.0,1.0,0.0,0.0,1.0,0.0,1.0,0.0,1.0,0.0,1.0,1
0.068386346,0.20237851,0.6003119,0.14654404,9.5982854e-05,0.14300197,1.0,0.0,1.0,0.0,0.0,1.0,1.0,0.0,1.0,0.0,0.0,1.0,0.0,1.0,1
0.42482382,0.15550368,0.40489462,0.18161657,-2.2840082e-05,0.39790404,0.0,1.0,0.0,1.0,1.0,0.0,0.0,1.0,0.0,1.0,0.0,1.0,1.0,0.0,1
0.2764537,-0.77194107,0.8633752,0.038053498,0.70511734,0.8690486,0.0,1.0,0.0,1.0,1.0,0.0,0.0,1.0,0.0,1.0,0.0,1.0,0.0,1.0,1
0.10974638,0.58295035,0.622066,0.056077942,0.17419314,0.40257305,0.0,1.0,1.0,0.0,1.0,0.0,0.0,1.0,0.0,1.0,1.0,0.0,0.0,1.0,1
0.6744753,0.4721408,0.7469838,-0.0214045,0.2711465,0.7203237,0.0,1.0,1.0,0.0,0.0,1.0,1.0,0.0,0.0,1.0,0.0,1.0,0.0,1.0,1
0.4247479,0.1712144,0.7331153,0.054541126,0.00039412695,0.39807943,1.0,0.0,1.0,0.0,1.0,0.0,1.0,0.0,0.0,1.0,0.0,1.0,0.0,1.0,1
-0.11338569,0.5709669,0.37374544,0.10811482,0.19810346,0.6152717,0.0,1.0,1.0,0.0,1.0,0.0,1.0,0.0,0.0,1.0,0.0,1.0,0.0,1.0,1
0.09574068,0.10843246,0.8006461,0.067124836,-0.00027570676,0.49972767,0.0,1.0,1.0,0.0,0.0,1.0,1.0,0.0,0.0,1.0,0.0,1.0,0.0,1.0,1
1.5238891,-1.1336356,-0.31671977,0.11435811,1.0156709,1.2743589,0.0,1.0,0.0,1.0,1.0,0.0,0.0,1.0,0.0,1.0,1.0,0.0,0.0,1.0,1
-0.02618191,-0.062315155,0.68392736,0.21355064,-0.26119673,0.5299636,0.0,1.0,0.0,1.0,0.0,1.0,0.0,1.0,0.0,1.0,0.0,1.0,0.0,1.0,1
0.49317682,0.08942536,0.53248453,0.086258665,0.00018214625,0.37772465,0.0,1.0,1.0,0.0,1.0,0.0,1.0,0.0,0.0,1.0,0.0,1.0,0.0,1.0,1
1.0749321,-0.79076844,1.2115039,-0.10155607,0.69473916,0.96385705,0.0,1.0,0.0,1.0,1.0,0.0,0.0,1.0,0.0,1.0,1.0,0.0,0.0,1.0,1
0.3290129,0.06099492,0.69072163,0.09814856,0.00022635095,0.39813656,1.0,0.0,1.0,0.0,0.0,1.0,1.0,0.0,0.0,1.0,0.0,1.0,0.0,1.0,1
-0.7186196,-1.0153948,1.3379142,0.08495853,1.0678792,1.3375144,0.0,1.0,0.0,1.0,1.0,0.0,0.0,1.0,0.0,1.0,0.0,1.0,0.0,1.0,1
0.33390874,-0.5774322,0.8183741,0.0042701596,0.41841906,0.7701612,0.0,1.0,1.0,0.0,1.0,0.0,0.0,1.0,1.0,0.0,1.0,0.0,0.0,1.0,1
0.2868476,0.9656659,0.74633086,0.06216546,0.6049802,0.6236559,0.0,1.0,0.0,1.0,0.0,1.0,0.0,1.0,0.0,1.0,1.0,0.0,0.0,1.0,1
-0.047158368,0.6498609,1.0735812,0.12336986,0.37325236,0.11045976,1.0,0.0,0.0,1.0,1.0,0.0,0.0,1.0,0.0,1.0,0.0,1.0,0.0,1.0,1
-0.6867067,1.1903875,-0.21164112,0.22839451,0.9144553,1.5751276,1.0,0.0,0.0,1.0,1.0,0.0,0.0,1.0,0.0,1.0,0.0,1.0,0.0,1.0,1
-1.0558167,-1.2444998,1.4792626,0.22526692,-1.1653768,1.6457413,0.0,1.0,1.0,0.0,0.0,1.0,1.0,0.0,0.0,1.0,0.0,1.0,0.0,1.0,1
0.39755052,0.13808556,0.23796894,0.1366608,0.07332516,0.46495447,0.0,1.0,1.0,0.0,1.0,0.0,1.0,0.0,0.0,1.0,0.0,1.0,1.0,0.0,1
0.24655032,0.02956842,0.71608835,0.10980012,-0.00023656031,0.39747536,0.0,1.0,1.0,0.0,0.0,1.0,1.0,0.0,0.0,1.0,0.0,1.0,1.0,0.0,1
0.57625157,0.31061316,0.3479636,0.059847355,0.16575612,0.65404516,0.0,1.0,1.0,0.0,1.0,0.0,1.0,0.0,0.0,1.0,0.0,1.0,0.0,1.0,1
-0.0222513,-0.11167094,0.39138988,0.19541754,-0.19783027,0.20715742,0.0,1.0,1.0,0.0,1.0,0.0,1.0,0.0,0.0,1.0,0.0,1.0,0.0,1.0,1
-0.11390378,0.7029911,0.5145793,0.23122592,0.48039985,0.021379692,0.0,1.0,0.0,1.0,0.0,1.0,0.0,1.0,0.0,1.0,0.0,1.0,0.0,1.0,1
0.42492756,0.092428766,0.5602097,0.09716857,-0.0003048383,0.39744624,0.0,1.0,1.0,0.0,0.0,1.0,1.0,0.0,0.0,1.0,0.0,1.0,0.0,1.0,1
1.0129001,-1.0805815,1.3316896,0.245807,-0.97819334,-0.37466353,0.0,1.0,0.0,1.0,0.0,1.0,0.0,1.0,0.0,1.0,0.0,1.0,0.0,1.0,1
0.5185156,-0.13614944,0.3952984,0.1369159,0.19461426,0.18621333,0.0,1.0,1.0,0.0,0.0,1.0,1.0,0.0,0.0,1.0,0.0,1.0,0.0,1.0,1
-0.028088737,-0.14113107,0.745994,0.19348352,0.27477273,0.20163308,0.0,1.0,0.0,1.0,1.0,0.0,0.0,1.0,0.0,1.0,1.0,0.0,0.0,1.0,1
0.49322417,0.10664528,0.5331308,0.06990451,3.769219e-05,0.3976539,0.0,1.0,1.0,0.0,1.0,0.0,0.0,1.0,0.0,1.0,1.0,0.0,0.0,1.0,1
0.43849266,0.12151417,0.60014236,0.072413936,-7.142783e-05,0.49994436,1.0,0.0,1.0,0.0,1.0,0.0,1.0,0.0,0.0,1.0,0.0,1.0,0.0,1.0,1
-0.0907976,0.36822805,0.7084163,0.15658143,0.21764363,0.56152165,1.0,0.0,0.0,1.0,1.0,0.0,0.0,1.0,0.0,1.0,0.0,1.0,0.0,1.0,1
0.6903901,1.2208738,1.3032718,0.23213896,-1.2012124,-0.6561205,0.0,1.0,0.0,1.0,1.0,0.0,0.0,1.0,0.0,1.0,0.0,1.0,0.0,1.0,1
0.34706986,-0.066411786,0.9084192,0.1488502,0.23590373,0.14072098,0.0,1.0,0.0,1.0,0.0,1.0,0.0,1.0,1.0,0.0,1.0,0.0,0.0,1.0,1
0.46282527,-0.72674555,-0.05224233,0.14488898,0.7810065,0.9989505,0.0,1.0,0.0,1.0,1.0,0.0,0.0,1.0,0.0,1.0,0.0,1.0,0.0,1.0,1
0.84911144,0.07556723,0.61724776,0.09637052,0.00014322794,0.19439685,0.0,1.0,1.0,0.0,1.0,0.0,0.0,1.0,0.0,1.0,0.0,1.0,0.0,1.0,1
-0.24075383,0.6572463,0.8270297,0.21176852,-0.48765746,0.80024254,0.0,1.0,0.0,1.0,0.0,1.0,0.0,1.0,0.0,1.0,0.0,1.0,1.0,0.0,1
0.54884607,-0.23517221,0.8539491,0.047759335,-0.23307712,0.586292,0.0,1.0,1.0,0.0,1.0,0.0,1.0,0.0,0.0,1.0,0.0,1.0,0.0,1.0,1
0.6848873,0.13560481,0.3331595,0.15736341,-0.00024104166,0.010516074,0.0,1.0,1.0,0.0,1.0,0.0,1.0,0.0,0.0,1.0,0.0,1.0,0.0,1.0,1
0.052194517,0.20125271,0.530748,0.23871632,0.0010733373,0.24754646,0.0,1.0,0.0,1.0,0.0,1.0,0.0,1.0,0.0,1.0,1.0,0.0,0.0,1.0,1
0.19190088,0.07670294,0.21722113,0.18450852,1.1329903e-06,0.39798263,1.0,0.0,1.0,0.0,0.0,1.0,1.0,0.0,0.0,1.0,0.0,1.0,0.0,1.0,1
0.0711837,0.29416257,0.5614978,0.20940754,0.00073386426,0.2970835,0.0,1.0,0.0,1.0,0.0,1.0,0.0,1.0,0.0,1.0,0.0,1.0,0.0,1.0,1
0.47941655,0.17878918,0.80001885,0.07297026,0.0002732549,0.3981069,0.0,1.0,1.0,0.0,0.0,1.0,1.0,0.0,0.0,1.0,0.0,1.0,1.0,0.0,1
0.39729977,0.026633427,0.5525425,0.09638164,0.0004406167,0.39793935,0.0,1.0,1.0,0.0,0.0,1.0,0.0,1.0,0.0,1.0,1.0,0.0,0.0,1.0,1
0.5754515,0.10011571,0.5359139,0.09120006,-0.00030823937,0.47990575,0.0,1.0,1.0,0.0,0.0,1.0,1.0,0.0,0.0,1.0,0.0,1.0,0.0,1.0,1
0.9685187,-0.32663175,0.7280474,0.14968532,-0.57824045,0.71306205,0.0,1.0,0.0,1.0,0.0,1.0,0.0,1.0,0.0,1.0,1.0,0.0,0.0,1.0,1
0.4383301,0.17318839,0.58310807,0.10888354,0.0001573592,0.39805773,1.0,0.0,1.0,0.0,0.0,1.0,1.0,0.0,0.0,1.0,0.0,1.0,0.0,1.0,1
-0.120559,0.53863406,0.57637876,0.22734135,0.45466763,0.023843963,0.0,1.0,0.0,1.0,0.0,1.0,0.0,1.0,0.0,1.0,0.0,1.0,0.0,1.0,1
0.35616204,0.26948103,1.0002373,0.08163606,0.00015486614,0.5000932,1.0,0.0,0.0,1.0,1.0,0.0,0.0,1.0,0.0,1.0,1.0,0.0,0.0,1.0,1
1.3682517,0.8757976,0.1080787,-0.00887077,0.48752275,0.9613322,0.0,1.0,1.0,0.0,1.0,0.0,1.0,0.0,0.0,1.0,0.0,1.0,0.0,1.0,1
0.2742281,0.18547063,0.61348057,0.18016689,0.0009426562,0.39842835,0.0,1.0,0.0,1.0,0.0,1.0,0.0,1.0,0.0,1.0,1.0,0.0,0.0,1.0,1
0.6271627,-0.72719544,1.1050833,0.25903955,-0.8430335,-0.3558215,0.0,1.0,0.0,1.0,1.0,0.0,0.0,1.0,1.0,0.0,1.0,0.0,0.0,1.0,1
-0.73619735,-1.0430012,1.5485798,0.36492413,-0.73653454,-0.71245664,0.0,1.0,1.0,0.0,0.0,1.0,0.0,1.0,1.0,0.0,1.0,0.0,0.0,1.0,1
0.23274334,0.14506099,0.80001473,0.07899716,-0.00013698816,0.39820123,1.0,0.0,1.0,0.0,0.0,1.0,1.0,0.0,0.0,1.0,0.0,1.0,0.0,1.0,1
0.7156878,0.86183536,-0.018011708,0.11438637,0.5658213,1.0757612,1.0,0.0,0.0,1.0,0.0,1.0,0.0,1.0,0.0,1.0,0.0,1.0,0.0,1.0,1
-1.0303744,1.5762955,-0.2362151,0.59568256,-1.10597,-0.70386976,0.0,1.0,1.0,0.0,0.0,1.0,1.0,0.0,0.0,1.0,0.0,1.0,0.0,1.0,1
0.42480937,0.10737173,0.73360276,0.1408762,-6.125707e-05,0.3978955,0.0,1.0,0.0,1.0,1.0,0.0,0.0,1.0,0.0,1.0,1.0,0.0,1.0,0.0,1
-0.7585612,-1.290535,1.7466103,0.4886582,-1.3206438,-0.73613566,1.0,0.0,0.0,1.0,0.0,1.0,0.0,1.0,1.0,0.0,0.0,1.0,0.0,1.0,1
0.90449965,-0.41369253,0.56802595,0.15828699,-0.45823297,0.91822183,1.0,0.0,0.0,1.0,1.0,0.0,0.0,1.0,0.0,1.0,1.0,0.0,0.0,1.0,1
-0.80335265,-1.35827,1.7809738,0.49137908,-1.4679517,-0.72350365,0.0,1.0,0.0,1.0,0.0,1.0,0.0,1.0,0.0,1.0,1.0,0.0,0.0,1.0,1
-0.3816255,0.88926196,1.0083097,0.20897444,0.73360175,-0.29175237,0.0,1.0,0.0,1.0,0.0,1.0,0.0,1.0,0.0,1.0,0.0,1.0,0.0,1.0,1
0.6661315,-0.70130885,0.9115321,0.25884885,-0.6937549,-0.20803592,0.0,1.0,0.0,1.0,0.0,1.0,0.0,1.0,0.0,1.0,0.0,1.0,0.0,1.0,1
1.1308404,1.2428701,0.9666129,0.069224976,-1.2276154,1.1895891,1.0,0.0,0.0,1.0,1.0,0.0,0.0,1.0,0.0,1.0,1.0,0.0,0.0,1.0,1
0.09690748,0.31664777,0.39923215,0.13811944,-0.18321247,0.6176293,0.0,1.0,1.0,0.0,0.0,1.0,1.0,0.0,0.0,1.0,0.0,1.0,0.0,1.0,1
0.09624946,0.28407803,0.7997424,0.15751511,-3.598589e-05,0.3983894,0.0,1.0,0.0,1.0,0.0,1.0,0.0,1.0,0.0,1.0,0.0,1.0,0.0,1.0,1
0.15069145,0.24733822,0.60029495,0.11158587,-0.0002658865,0.2451426,0.0,1.0,1.0,0.0,0.0,1.0,0.0,1.0,0.0,1.0,1.0,0.0,0.0,1.0,1
0.2598859,0.060914602,0.5508034,0.18006137,-0.0001201774,0.39773947,0.0,1.0,0.0,1.0,1.0,0.0,0.0,1.0,0.0,1.0,1.0,0.0,0.0,1.0,1
0.4930498,0.056491356,0.34866083,0.12243588,0.035852302,0.5010686,0.0,1.0,1.0,0.0,0.0,1.0,1.0,0.0,0.0,1.0,0.0,1.0,0.0,1.0,1
0.5342348,0.19702704,0.6088612,0.092984535,0.00044125007,0.49999818,1.0,0.0,1.0,0.0,0.0,1.0,1.0,0.0,0.0,1.0,0.0,1.0,0.0,1.0,1
0.43848896,0.12556705,0.66758615,0.08480356,-0.00017006142,0.3983033,1.0,0.0,1.0,0.0,0.0,1.0,1.0,0.0,1.0,0.0,0.0,1.0,0.0,1.0,1
0.52026236,0.15926993,0.599846,0.06991387,0.00021915375,0.56104195,0.0,1.0,1.0,0.0,0.0,1.0,1.0,0.0,0.0,1.0,0.0,1.0,0.0,1.0,1
0.6871589,1.2103392,-0.36662537,0.11212422,0.9459606,1.1787162,0.0,1.0,0.0,1.0,0.0,1.0,0.0,1.0,0.0,1.0,0.0,1.0,0.0,1.0,1
0.3995153,-0.7871832,0.81470853,0.05866884,0.6204099,0.7946131,0.0,1.0,0.0,1.0,0.0,1.0,0.0,1.0,0.0,1.0,1.0,0.0,0.0,1.0,1
-0.06853279,-0.45239443,0.51123637,0.2560933,0.5395442,0.04643436,0.0,1.0,0.0,1.0,1.0,0.0,0.0,1.0,1.0,0.0,0.0,1.0,1.0,0.0,1
0.12681063,0.4248046,0.680061,0.15633245,0.20514654,0.45928472,0.0,1.0,0.0,1.0,0.0,1.0,0.0,1.0,1.0,0.0,0.0,1.0,0.0,1.0,1
0.4957625,-0.81406236,0.92077404,0.12201538,-0.5215282,0.8284329,0.0,1.0,0.0,1.0,1.0,0.0,0.0,1.0,0.0,1.0,1.0,0.0,0.0,1.0,1
0.19184215,0.06916367,0.73352027,0.06901039,2.532464e-05,0.39790493,0.0,1.0,1.0,0.0,1.0,0.0,1.0,0.0,0.0,1.0,0.0,1.0,0.0,1.0,1
-0.7061136,-1.0140358,-0.12257922,0.5675189,-0.9579301,-0.51922935,0.0,1.0,1.0,0.0,1.0,0.0,1.0,0.0,0.0,1.0,0.0,1.0,0.0,1.0,1
0.9857063,-0.54294914,0.2126344,0.33760318,-0.57315683,-0.13903897,0.0,1.0,0.0,1.0,0.0,1.0,0.0,1.0,0.0,1.0,0.0,1.0,0.0,1.0,1
0.15122505,0.03943569,0.7335146,0.15236393,0.0010332853,0.6024733,0.0,1.0,0.0,1.0,0.0,1.0,0.0,1.0,0.0,1.0,1.0,0.0,0.0,1.0,1
-0.33414084,-0.52876335,0.75075257,0.1565302,0.9009976,0.73857355,0.0,1.0,0.0,1.0,0.0,1.0,0.0,1.0,0.0,1.0,1.0,0.0,0.0,1.0,1
0.2876718,0.07343348,0.532668,0.13071255,-0.00014281282,0.3470213,1.0,0.0,1.0,0.0,0.0,1.0,1.0,0.0,0.0,1.0,0.0,1.0,0.0,1.0,1
0.3974157,0.09075375,0.7355917,0.1602965,-6.669884e-05,0.3571465,0.0,1.0,0.0,1.0,0.0,1.0,0.0,1.0,1.0,0.0,1.0,0.0,0.0,1.0,1
0.35635716,0.030477902,0.5674346,0.104488105,9.7330514e-05,0.60232276,1.0,0.0,1.0,0.0,0.0,1.0,1.0,0.0,0.0,1.0,0.0,1.0,0.0,1.0,1
-1.1301991,-1.3321522,-0.62389785,0.8509546,-1.4155775,-1.0387126,0.0,1.0,1.0,0.0,1.0,0.0,0.0,1.0,0.0,1.0,1.0,0.0,0.0,1.0,1
0.76722765,1.4494976,1.1269788,-0.15723611,1.1008077,1.0426271,0.0,1.0,0.0,1.0,0.0,1.0,0.0,1.0,0.0,1.0,0.0,1.0,0.0,1.0,1
-0.61842877,1.1810617,1.342941,0.26728112,-0.8972791,-0.53222376,0.0,1.0,1.0,0.0,0.0,1.0,1.0,0.0,1.0,0.0,0.0,1.0,0.0,1.0,1
0.6028126,0.03681753,0.59106934,0.114421986,0.0008640831,0.39822742,1.0,0.0,1.0,0.0,0.0,1.0,1.0,0.0,0.0,1.0,0.0,1.0,0.0,1.0,1
0.13732919,0.1493129,0.6463375,0.19121514,0.0003919693,0.39830086,0.0,1.0,0.0,1.0,0.0,1.0,0.0,1.0,0.0,1.0,1.0,0.0,0.0,1.0,1
0.02744599,0.20598091,0.6324377,0.21224992,0.00028580285,0.29630113,0.0,1.0,0.0,1.0,0.0,1.0,0.0,1.0,0.0,1.0,0.0,1.0,1.0,0.0,1
0.38372773,0.12455735,0.6666757,0.118494734,0.35900372,0.39791033,0.0,1.0,0.0,1.0,1.0,0.0,0.0,1.0,0.0,1.0,1.0,0.0,0.0,1.0,1
0.7259338,0.06309771,0.6626308,0.11860648,-0.0021126347,0.39832634,0.0,1.0,0.0,1.0,0.0,1.0,0.0,1.0,0.0,1.0,0.0,1.0,0.0,1.0,1
-1.0415946,-1.6745306,2.0052097,0.6094186,-1.7478037,-1.0597479,0.0,1.0,0.0,1.0,0.0,1.0,0.0,1.0,1.0,0.0,1.0,0.0,0.0,1.0,1
0.0685604,0.10984095,0.5999558,0.1323967,0.0003864189,0.23440582,0.0,1.0,1.0,0.0,0.0,1.0,1.0,0.0,0.0,1.0,0.0,1.0,0.0,1.0,1
0.2599686,0.06444278,0.6032789,0.20677945,0.0013001567,0.23565683,0.0,1.0,0.0,1.0,0.0,1.0,0.0,1.0,0.0,1.0,1.0,0.0,0.0,1.0,1
-0.71969664,-1.2193875,-0.3561602,0.60457706,-0.5343349,-0.70232445,0.0,1.0,1.0,0.0,0.0,1.0,1.0,0.0,0.0,1.0,0.0,1.0,0.0,1.0,1
0.356178,0.110659905,0.60151047,0.17525338,-0.0005834829,0.3999081,0.0,1.0,0.0,1.0,0.0,1.0,0.0,1.0,0.0,1.0,1.0,0.0,0.0,1.0,1
0.879618,0.5886895,0.7825381,0.110569894,0.4344119,-0.113561556,1.0,0.0,0.0,1.0,1.0,0.0,0.0,1.0,0.0,1.0,1.0,0.0,1.0,0.0,1
0.23368773,0.12487229,0.5548646,0.18084304,-0.00033961167,0.39931378,0.0,1.0,0.0,1.0,1.0,0.0,0.0,1.0,0.0,1.0,1.0,0.0,0.0,1.0,1
-0.74054015,-1.0908525,1.4212883,0.11185079,1.0546284,1.1750349,0.0,1.0,0.0,1.0,1.0,0.0,0.0,1.0,1.0,0.0,1.0,0.0,1.0,0.0,1
0.5619931,-0.63904214,1.0314045,0.25714663,-0.7658318,-0.26634535,0.0,1.0,0.0,1.0,0.0,1.0,0.0,1.0,0.0,1.0,0.0,1.0,0.0,1.0,1
-0.816213,1.6442468,-0.38083556,0.5025663,1.3807193,-0.7408327,0.0,1.0,0.0,1.0,0.0,1.0,0.0,1.0,0.0,1.0,0.0,1.0,0.0,1.0,1
0.42468843,0.11870335,0.5449237,0.0928734,-0.00057989627,0.45908177,0.0,1.0,1.0,0.0,0.0,1.0,1.0,0.0,0.0,1.0,0.0,1.0,0.0,1.0,1
0.6316836,-0.6973195,1.3419006,0.2097142,-0.76833695,-0.2973144,0.0,1.0,0.0,1.0,0.0,1.0,0.0,1.0,0.0,1.0,0.0,1.0,0.0,1.0,1
0.73955745,0.32609555,0.68247783,0.124710925,0.4152484,0.073626004,1.0,0.0,0.0,1.0,0.0,1.0,0.0,1.0,1.0,0.0,0.0,1.0,0.0,1.0,1
0.46668524,-0.4111549,0.7644979,0.13638856,-0.48316893,0.96391547,0.0,1.0,0.0,1.0,0.0,1.0,0.0,1.0,0.0,1.0,0.0,1.0,0.0,1.0,1
1.0161029,-0.6773353,0.25023973,0.20702855,0.7047925,-0.15671484,0.0,1.0,0.0,1.0,0.0,1.0,0.0,1.0,1.0,0.0,0.0,1.0,0.0,1.0,1
0.69864017,0.01761581,0.21083322,0.23630372,0.00024684222,0.24665871,0.0,1.0,0.0,1.0,0.0,1.0,0.0,1.0,0.0,1.0,1.0,0.0,0.0,1.0,1
0.10948331,0.16341375,0.60176945,0.20236044,0.0008451751,0.39717266,0.0,1.0,0.0,1.0,0.0,1.0,0.0,1.0,0.0,1.0,1.0,0.0,0.0,1.0,1
-1.1423173,1.8639187,-0.30388746,0.8205321,-1.6677414,-0.9840184,1.0,0.0,0.0,1.0,1.0,0.0,0.0,1.0,1.0,0.0,1.0,0.0,0.0,1.0,1
0.15012538,0.051058415,0.5767675,0.20222041,0.00041536542,0.39817837,0.0,1.0,0.0,1.0,1.0,0.0,0.0,1.0,1.0,0.0,1.0,0.0,1.0,0.0,1
0.38354424,0.12787847,0.86670667,0.062221974,0.00015575315,0.39780563,1.0,0.0,1.0,0.0,0.0,1.0,1.0,0.0,0.0,1.0,0.0,1.0,0.0,1.0,1
-0.22768492,0.64028114,0.89444804,0.21208462,0.47628725,-0.045257855,0.0,1.0,0.0,1.0,0.0,1.0,0.0,1.0,0.0,1.0,1.0,0.0,1.0,0.0,1
0.7175851,0.6550667,0.43547344,0.15201698,-0.3988355,0.8273148,1.0,0.0,0.0,1.0,1.0,0.0,0.0,1.0,0.0,1.0,0.0,1.0,0.0,1.0,1
0.620379,0.28647256,0.9401008,0.06700229,0.13596775,0.5446552,1.0,0.0,0.0,1.0,0.0,1.0,0.0,1.0,0.0,1.0,0.0,1.0,0.0,1.0,1
0.22565223,0.506569,0.5790835,0.14463484,0.36556885,0.35101056,0.0,1.0,0.0,1.0,0.0,1.0,0.0,1.0,0.0,1.0,0.0,1.0,0.0,1.0,1
0.6710121,0.02830113,0.66729593,0.15895373,3.2786556e-06,0.19336148,1.0,0.0,0.0,1.0,1.0,0.0,0.0,1.0,0.0,1.0,1.0,0.0,0.0,1.0,1
-2.012257,-2.8716989,-1.7944849,1.577083,-2.4079766,-2.1655722,0.0,1.0,0.0,1.0,0.0,1.0,0.0,1.0,0.0,1.0,0.0,1.0,0.0,1.0,1
0.15044346,0.11021085,0.6033147,0.117968224,-0.0008271355,0.3990789,1.0,0.0,1.0,0.0,0.0,1.0,1.0,0.0,0.0,1.0,0.0,1.0,0.0,1.0,1
0.4091655,0.7708023,1.0399203,0.07731378,-0.5506226,0.84875786,0.0,1.0,0.0,1.0,0.0,1.0,0.0,1.0,0.0,1.0,0.0,1.0,0.0,1.0,1
0.37819737,0.30850264,0.6202936,0.03679561,0.14439563,0.5657727,1.0,0.0,1.0,0.0,1.0,0.0,1.0,0.0,0.0,1.0,0.0,1.0,0.0,1.0,1
0.13637985,0.16325383,0.6224736,0.21439041,0.0006063743,0.24458347,0.0,1.0,0.0,1.0,0.0,1.0,0.0,1.0,0.0,1.0,1.0,0.0,0.0,1.0,1
0.15555853,0.44303548,0.61179966,0.15582065,0.20153123,0.5038588,0.0,1.0,0.0,1.0,0.0,1.0,0.0,1.0,1.0,0.0,0.0,1.0,0.0,1.0,1
0.08775285,0.06592563,0.6807205,0.1967534,-0.30915636,0.59536254,0.0,1.0,0.0,1.0,0.0,1.0,0.0,1.0,1.0,0.0,0.0,1.0,0.0,1.0,1
0.98714757,-1.7297701,1.3424258,-0.18198583,1.4982709,1.2206377,0.0,1.0,0.0,1.0,0.0,1.0,0.0,1.0,0.0,1.0,0.0,1.0,0.0,1.0,1
0.36964643,0.114561036,0.6009544,0.08597811,-7.4101e-05,0.3779755,1.0,0.0,1.0,0.0,1.0,0.0,1.0,0.0,1.0,0.0,0.0,1.0,0.0,1.0,1
-0.8821038,-1.3725857,-0.21498962,0.5363627,-1.392712,1.8391372,0.0,1.0,0.0,1.0,1.0,0.0,0.0,1.0,0.0,1.0,1.0,0.0,0.0,1.0,1
0.5763732,1.2327827,0.95922613,0.10043043,0.7752695,-0.41144794,0.0,1.0,0.0,1.0,0.0,1.0,0.0,1.0,1.0,0.0,0.0,1.0,0.0,1.0,1
0.5677511,-0.06176447,0.054294504,0.18746264,-0.20292555,0.6029421,0.0,1.0,1.0,0.0,1.0,0.0,1.0,0.0,0.0,1.0,0.0,1.0,1.0,0.0,1
0.01305129,0.2227845,0.68033946,0.050506525,0.12721927,0.57443994,1.0,0.0,1.0,0.0,1.0,0.0,1.0,0.0,0.0,1.0,0.0,1.0,0.0,1.0,1
0.23226024,0.19767192,0.5321478,0.1126247,-0.0012861578,0.39789397,0.0,1.0,1.0,0.0,1.0,0.0,1.0,0.0,1.0,0.0,0.0,1.0,0.0,1.0,1
-1.793427,-2.254552,-0.85153913,1.2944884,-2.2480276,-1.6409384,1.0,0.0,0.0,1.0,1.0,0.0,0.0,1.0,0.0,1.0,1.0,0.0,0.0,1.0,1
1.2133551,0.8629371,1.1254563,0.017374821,0.65597177,-0.24640985,1.0,0.0,0.0,1.0,1.0,0.0,0.0,1.0,0.0,1.0,1.0,0.0,0.0,1.0,1
0.56187284,0.0659137,1.0000807,0.062056303,6.441709e-05,0.0003980854,1.0,0.0,1.0,0.0,1.0,0.0,1.0,0.0,0.0,1.0,0.0,1.0,0.0,1.0,1
0.28702703,0.09718332,0.63004065,0.18685046,0.0001310252,0.27542725,0.0,1.0,0.0,1.0,1.0,0.0,0.0,1.0,1.0,0.0,1.0,0.0,0.0,1.0,1
0.09557092,0.09948014,0.59985715,0.10128099,-0.00047159084,0.3979369,0.0,1.0,1.0,0.0,1.0,0.0,1.0,0.0,0.0,1.0,0.0,1.0,0.0,1.0,1
0.32896426,0.346497,0.80045116,0.05692163,0.00025154056,0.3983154,1.0,0.0,1.0,0.0,0.0,1.0,1.0,0.0,1.0,0.0,0.0,1.0,0.0,1.0,1
0.4109981,0.07362985,0.59937084,0.08668004,-0.00029629652,0.44903734,0.0,1.0,1.0,0.0,0.0,1.0,1.0,0.0,0.0,1.0,0.0,1.0,0.0,1.0,1
0.57883376,0.31082702,0.65058124,0.10686749,-0.20053945,0.44198698,1.0,0.0,1.0,0.0,0.0,1.0,1.0,0.0,0.0,1.0,0.0,1.0,0.0,1.0,1
0.26809803,-0.14578202,0.2722764,0.21191019,-0.24794284,0.5821008,0.0,1.0,1.0,0.0,0.0,1.0,0.0,1.0,0.0,1.0,0.0,1.0,1.0,0.0,1
-0.7005002,1.18459,1.1769191,0.06164718,0.8591467,1.1905375,0.0,1.0,0.0,1.0,0.0,1.0,0.0,1.0,0.0,1.0,0.0,1.0,0.0,1.0,1
0.5175779,0.7951745,0.74335575,0.024968106,0.49358615,0.8436341,1.0,0.0,0.0,1.0,0.0,1.0,0.0,1.0,0.0,1.0,0.0,1.0,0.0,1.0,1
0.32509467,0.50207615,1.0315713,0.10195195,0.1559194,0.13447665,0.0,1.0,0.0,1.0,1.0,0.0,0.0,1.0,0.0,1.0,1.0,0.0,0.0,1.0,1
0.031233748,0.10718896,0.5370763,0.20445682,0.0008028828,0.39801714,0.0,1.0,0.0,1.0,1.0,0.0,0.0,1.0,0.0,1.0,0.0,1.0,1.0,0.0,1
0.34326228,0.16380906,0.599715,0.1415371,0.30737022,0.39759725,1.0,0.0,0.0,1.0,1.0,0.0,0.0,1.0,0.0,1.0,1.0,0.0,0.0,1.0,1
0.4663679,-0.25751138,0.60926795,0.14353162,0.1778077,0.4696347,1.0,0.0,0.0,1.0,1.0,0.0,0.0,1.0,0.0,1.0,1.0,0.0,0.0,1.0,1
0.03919045,0.08696821,0.5129435,0.22816247,-4.2391628e-05,0.40168175,0.0,1.0,0.0,1.0,0.0,1.0,0.0,1.0,0.0,1.0,1.0,0.0,0.0,1.0,1
0.7619162,0.7735092,0.77640706,-0.035383925,0.46159974,1.1024902,0.0,1.0,0.0,1.0,0.0,1.0,0.0,1.0,0.0,1.0,0.0,1.0,0.0,1.0,1
0.057392187,0.03648562,0.5455489,0.24874836,0.00037409944,0.17423646,0.0,1.0,0.0,1.0,0.0,1.0,0.0,1.0,0.0,1.0,1.0,0.0,0.0,1.0,1
0.36957493,0.100337,0.57202876,0.10453058,-0.00032636977,0.3980242,1.0,0.0,1.0,0.0,0.0,1.0,1.0,0.0,1.0,0.0,0.0,1.0,0.0,1.0,1
0.51302713,0.3302096,0.5976629,0.04815934,0.12395892,0.55694515,0.0,1.0,1.0,0.0,0.0,1.0,1.0,0.0,0.0,1.0,0.0,1.0,0.0,1.0,1
-0.5404886,0.91412765,0.9349091,0.12881845,0.7418563,0.9228344,0.0,1.0,0.0,1.0,0.0,1.0,0.0,1.0,1.0,0.0,1.0,0.0,0.0,1.0,1
0.6704644,-0.017042898,0.50031215,0.118801706,-0.050570603,0.34384146,0.0,1.0,1.0,0.0,0.0,1.0,1.0,0.0,1.0,0.0,0.0,1.0,0.0,1.0,1
0.506726,0.07646508,0.29581928,0.13121271,0.0559306,0.411399,1.0,0.0,1.0,0.0,1.0,0.0,1.0,0.0,0.0,1.0,0.0,1.0,0.0,1.0,1
1.005985,-0.385347,0.27555788,0.31007934,-0.72931236,-0.06828872,0.0,1.0,0.0,1.0,1.0,0.0,0.0,1.0,1.0,0.0,0.0,1.0,0.0,1.0,1
0.8710856,-0.37063256,0.865352,0.03193081,0.39073288,0.72121596,0.0,1.0,0.0,1.0,0.0,1.0,0.0,1.0,0.0,1.0,1.0,0.0,0.0,1.0,1
0.2879646,0.11526208,0.8000759,0.07802331,-0.00045888103,0.5003013,0.0,1.0,1.0,0.0,0.0,1.0,1.0,0.0,0.0,1.0,0.0,1.0,1.0,0.0,1
-0.010793887,0.41882876,0.51431596,0.22249849,-0.2515926,0.5677693,0.0,1.0,0.0,1.0,0.0,1.0,0.0,1.0,0.0,1.0,0.0,1.0,0.0,1.0,1
0.19211195,0.12563711,0.6253111,0.09788442,-0.00024653957,0.39792517,0.0,1.0,1.0,0.0,0.0,1.0,1.0,0.0,0.0,1.0,0.0,1.0,0.0,1.0,1
1.4769768,-0.77137285,0.32750303,0.08070115,0.46381503,0.9048273,0.0,1.0,0.0,1.0,0.0,1.0,0.0,1.0,0.0,1.0,0.0,1.0,0.0,1.0,1
0.20610444,-0.76487184,0.035355754,0.14491953,1.1600646,0.96433544,0.0,1.0,0.0,1.0,0.0,1.0,0.0,1.0,1.0,0.0,0.0,1.0,0.0,1.0,1
0.5067119,0.11102691,0.5336188,0.11590554,0.00059874705,0.19416966,0.0,1.0,1.0,0.0,1.0,0.0,1.0,0.0,1.0,0.0,0.0,1.0,0.0,1.0,1
0.7334531,-0.18632993,0.21537352,0.23637916,0.22740626,0.13230433,1.0,0.0,0.0,1.0,1.0,0.0,0.0,1.0,0.0,1.0,1.0,0.0,0.0,1.0,1
0.5325917,-1.0988824,0.84467834,0.006187321,0.88594705,0.9955177,0.0,1.0,0.0,1.0,0.0,1.0,0.0,1.0,0.0,1.0,1.0,0.0,0.0,1.0,1
-1.9399909,-2.6698263,2.6783814,0.9635361,-2.6806946,-2.193234,0.0,1.0,0.0,1.0,0.0,1.0,0.0,1.0,1.0,0.0,1.0,0.0,0.0,1.0,1
0.67127657,0.10508998,0.5458469,0.110033825,0.00011747768,0.4998045,1.0,0.0,1.0,0.0,0.0,1.0,1.0,0.0,0.0,1.0,0.0,1.0,0.0,1.0,1
0.79446554,0.20417303,0.7509768,0.12270654,0.0018430194,0.23278672,0.0,1.0,0.0,1.0,1.0,0.0,0.0,1.0,0.0,1.0,1.0,0.0,1.0,0.0,1
-1.4718407,-2.2276185,-1.035754,1.2709038,-2.2471676,-1.6002884,0.0,1.0,0.0,1.0,1.0,0.0,0.0,1.0,0.0,1.0,1.0,0.0,0.0,1.0,1
0.24648194,0.35556832,0.40025884,0.20528717,-1.04152205e-05,0.39841884,0.0,1.0,0.0,1.0,0.0,1.0,0.0,1.0,1.0,0.0,0.0,1.0,0.0,1.0,1
1.441424,1.2408487,1.1571224,0.21391074,-1.2114555,-0.64233905,0.0,1.0,0.0,1.0,0.0,1.0,0.0,1.0,1.0,0.0,1.0,0.0,0.0,1.0,1
0.4732829,-1.1228063,1.0693085,-0.066142835,0.9930671,1.1902347,0.0,1.0,0.0,1.0,1.0,0.0,0.0,1.0,0.0,1.0,0.0,1.0,0.0,1.0,1
0.3609598,0.3098636,0.71539515,0.16805062,0.22558707,0.15541655,0.0,1.0,0.0,1.0,0.0,1.0,0.0,1.0,1.0,0.0,1.0,0.0,0.0,1.0,1
-1.1908073,1.8555048,-0.5148888,0.88130337,-1.6798409,-1.0948113,0.0,1.0,0.0,1.0,1.0,0.0,0.0,1.0,0.0,1.0,0.0,1.0,0.0,1.0,1
0.5753875,0.17350651,0.5787853,0.107654475,-4.616566e-06,0.39800644,1.0,0.0,1.0,0.0,0.0,1.0,1.0,0.0,0.0,1.0,0.0,1.0,0.0,1.0,1
1.1629702,-0.6719067,0.2735329,0.3510604,-0.6935035,-0.20752604,1.0,0.0,0.0,1.0,1.0,0.0,0.0,1.0,0.0,1.0,1.0,0.0,0.0,1.0,1
1.1434786,-1.7650188,1.3980335,-0.24182162,1.4448508,1.6917456,0.0,1.0,0.0,1.0,0.0,1.0,0.0,1.0,0.0,1.0,0.0,1.0,0.0,1.0,1
0.32892814,0.12440163,0.61154383,0.12170841,0.026495365,0.19471699,1.0,0.0,1.0,0.0,0.0,1.0,0.0,1.0,0.0,1.0,1.0,0.0,0.0,1.0,1
0.09605232,0.1768094,0.7341516,0.08465453,0.00026730407,0.50044376,1.0,0.0,1.0,0.0,0.0,1.0,1.0,0.0,0.0,1.0,0.0,1.0,0.0,1.0,1
0.2146824,0.57001305,0.74988997,0.11748652,0.38283688,0.39930254,1.0,0.0,0.0,1.0,0.0,1.0,0.0,1.0,0.0,1.0,0.0,1.0,0.0,1.0,1
0.9378012,-0.7412113,0.99669814,0.06972593,-0.39470437,1.0027937,0.0,1.0,0.0,1.0,0.0,1.0,0.0,1.0,0.0,1.0,0.0,1.0,0.0,1.0,1
0.5344648,0.12933004,0.53276825,0.086483166,0.00024238715,0.3471359,0.0,1.0,1.0,0.0,1.0,0.0,1.0,0.0,0.0,1.0,0.0,1.0,0.0,1.0,1
0.5618109,0.15162253,0.53318524,0.070743375,0.0005776335,0.44909832,0.0,1.0,1.0,0.0,1.0,0.0,1.0,0.0,0.0,1.0,0.0,1.0,0.0,1.0,1
0.20559844,0.11616825,0.5957178,0.20018208,-0.00036131515,0.3373424,0.0,1.0,0.0,1.0,0.0,1.0,0.0,1.0,0.0,1.0,1.0,0.0,0.0,1.0,1
0.12167533,0.32357547,0.65986747,0.09048686,0.18652444,0.1664742,0.0,1.0,1.0,0.0,1.0,0.0,1.0,0.0,0.0,1.0,0.0,1.0,0.0,1.0,1
0.5753459,0.107344,0.42881984,0.2119861,0.00011530728,0.29738048,1.0,0.0,0.0,1.0,0.0,1.0,0.0,1.0,1.0,0.0,1.0,0.0,0.0,1.0,1
0.43560004,-0.85288453,0.97546774,0.1389685,0.74490386,-0.34312356,1.0,0.0,0.0,1.0,1.0,0.0,0.0,1.0,0.0,1.0,0.0,1.0,0.0,1.0,1
1.6558676,-1.000571,-0.2286906,0.12851988,0.8812169,1.0425882,0.0,1.0,0.0,1.0,0.0,1.0,0.0,1.0,0.0,1.0,0.0,1.0,0.0,1.0,1
-1.1326281,-1.4600233,-0.49096426,0.80958116,-1.3809863,-0.80441976,1.0,0.0,1.0,0.0,0.0,1.0,1.0,0.0,1.0,0.0,0.0,1.0,1.0,0.0,1
-0.15090518,0.31888276,0.6843044,0.18877995,0.23127978,0.5280512,0.0,1.0,0.0,1.0,0.0,1.0,0.0,1.0,0.0,1.0,1.0,0.0,0.0,1.0,1
0.20633878,0.10860058,0.6039128,0.20484939,0.00021234024,0.29584113,0.0,1.0,0.0,1.0,0.0,1.0,0.0,1.0,0.0,1.0,1.0,0.0,0.0,1.0,1
0.9783768,0.91353047,0.8938399,-0.08480801,0.64635044,0.9461176,0.0,1.0,0.0,1.0,1.0,0.0,0.0,1.0,0.0,1.0,1.0,0.0,0.0,1.0,1
1.2063959,-0.7184465,0.5886943,0.17543043,-0.7501373,0.9849934,0.0,1.0,0.0,1.0,0.0,1.0,0.0,1.0,0.0,1.0,0.0,1.0,0.0,1.0,1
0.45449054,0.33518916,0.89666796,0.10386156,-0.32576704,0.57104063,0.0,1.0,0.0,1.0,1.0,0.0,0.0,1.0,0.0,1.0,1.0,0.0,0.0,1.0,1
0.383513,0.058106896,0.5333688,0.087184794,-0.00026562175,0.6016966,0.0,1.0,1.0,0.0,0.0,1.0,1.0,0.0,0.0,1.0,0.0,1.0,0.0,1.0,1
0.30039695,0.66501737,0.6562812,0.2060558,-0.58338803,0.39183554,0.0,1.0,0.0,1.0,0.0,1.0,0.0,1.0,0.0,1.0,0.0,1.0,0.0,1.0,1
0.6082839,-0.293838,0.64105755,0.120946325,-0.49097067,0.8045463,0.0,1.0,1.0,0.0,0.0,1.0,1.0,0.0,0.0,1.0,0.0,1.0,0.0,1.0,1
-0.18724881,0.38336328,0.7056886,0.18054567,0.2223878,0.40588722,1.0,0.0,0.0,1.0,1.0,0.0,0.0,1.0,0.0,1.0,0.0,1.0,1.0,0.0,1
0.6437641,0.006132593,0.5333625,0.081969075,-0.000213131,0.39798173,0.0,1.0,1.0,0.0,1.0,0.0,1.0,0.0,0.0,1.0,0.0,1.0,0.0,1.0,1
0.8352942,-0.76312184,1.0732194,-0.058075007,0.6798461,0.9735652,0.0,1.0,0.0,1.0,1.0,0.0,0.0,1.0,0.0,1.0,1.0,0.0,0.0,1.0,1
0.21951303,0.14225009,0.56713253,0.10029452,-0.00011540673,0.39810082,0.0,1.0,1.0,0.0,0.0,1.0,0.0,1.0,0.0,1.0,1.0,0.0,0.0,1.0,1
0.6028945,0.038511705,0.5329034,0.081035905,4.122604e-05,0.39798597,0.0,1.0,1.0,0.0,1.0,0.0,1.0,0.0,0.0,1.0,0.0,1.0,0.0,1.0,1
0.93650496,-1.7307303,1.0526723,-0.14948377,1.5359006,1.3763881,0.0,1.0,0.0,1.0,0.0,1.0,0.0,1.0,0.0,1.0,0.0,1.0,0.0,1.0,1
0.13777785,0.13290296,0.8675029,0.13873495,0.001166837,0.34765625,1.0,0.0,0.0,1.0,1.0,0.0,0.0,1.0,0.0,1.0,0.0,1.0,0.0,1.0,1
0.645234,-0.8660857,0.7265084,0.042092066,0.674896,0.78579944,0.0,1.0,0.0,1.0,1.0,0.0,0.0,1.0,0.0,1.0,1.0,0.0,0.0,1.0,1
1.8251182,1.7757583,-0.38924944,0.39973357,-1.1590825,-0.79639184,0.0,1.0,1.0,0.0,0.0,1.0,1.0,0.0,1.0,0.0,0.0,1.0,0.0,1.0,1
0.24604662,0.120174676,0.59931195,0.17206219,-0.00020223593,0.39714438,0.0,1.0,0.0,1.0,1.0,0.0,0.0,1.0,0.0,1.0,1.0,0.0,0.0,1.0,1
0.10924109,0.123599745,0.65255064,0.19420187,-0.00079693,0.39780638,0.0,1.0,0.0,1.0,0.0,1.0,0.0,1.0,0.0,1.0,1.0,0.0,0.0,1.0,1
-0.329697,-0.80348074,1.4116508,0.33524436,-0.789616,-0.39429015,0.0,1.0,0.0,1.0,1.0,0.0,0.0,1.0,0.0,1.0,1.0,0.0,1.0,0.0,1
0.3428189,0.05810494,0.5999184,0.11446755,1.6697792e-05,0.3980823,1.0,0.0,1.0,0.0,0.0,1.0,1.0,0.0,0.0,1.0,0.0,1.0,0.0,1.0,1
-0.70110947,-1.0579655,1.5187478,0.28701818,1.1728599,-0.5467176,0.0,1.0,0.0,1.0,0.0,1.0,0.0,1.0,1.0,0.0,1.0,0.0,0.0,1.0,1
-0.68301094,-1.3185768,-0.078817636,0.74237114,-1.3225511,-0.7391578,0.0,1.0,0.0,1.0,1.0,0.0,0.0,1.0,0.0,1.0,1.0,0.0,0.0,1.0,1
0.563058,-0.69904643,1.0317745,0.25540558,-0.7684807,-0.22619921,0.0,1.0,0.0,1.0,0.0,1.0,0.0,1.0,0.0,1.0,0.0,1.0,0.0,1.0,1
-0.47439125,-0.99190885,-0.019356834,0.40576482,-0.8477868,1.4616157,0.0,1.0,0.0,1.0,0.0,1.0,0.0,1.0,0.0,1.0,0.0,1.0,0.0,1.0,1
-2.2200408,-2.7158837,-1.3893907,1.6307111,-2.9210627,-2.2608945,0.0,1.0,0.0,1.0,1.0,0.0,0.0,1.0,0.0,1.0,1.0,0.0,0.0,1.0,1
0.45199102,0.1230399,0.20173615,0.17770335,-0.00025068328,0.3984093,0.0,1.0,1.0,0.0,0.0,1.0,1.0,0.0,0.0,1.0,0.0,1.0,1.0,0.0,1
-0.4816835,0.9244178,0.9881544,0.22722016,0.8468802,-0.27342272,0.0,1.0,0.0,1.0,1.0,0.0,0.0,1.0,0.0,1.0,1.0,0.0,0.0,1.0,1
1.1490816,1.3069862,0.118886925,0.35468853,-0.9156989,-0.3403696,1.0,0.0,0.0,1.0,0.0,1.0,0.0,1.0,0.0,1.0,0.0,1.0,0.0,1.0,1
0.89222777,-0.9493378,0.05079858,0.4519949,-0.88977945,-0.3373696,0.0,1.0,0.0,1.0,0.0,1.0,0.0,1.0,0.0,1.0,0.0,1.0,0.0,1.0,1
-2.4742467,3.4773781,-1.6734439,1.6160297,-3.178302,-2.532813,0.0,1.0,0.0,1.0,0.0,1.0,0.0,1.0,1.0,0.0,1.0,0.0,0.0,1.0,1
0.6574397,0.06681903,0.59522617,0.11397804,-0.0015859632,0.152727,0.0,1.0,1.0,0.0,0.0,1.0,1.0,0.0,0.0,1.0,0.0,1.0,0.0,1.0,1
-1.3173178,-1.7332323,-0.4662416,0.72524226,1.7988706,-0.9598235,1.0,0.0,0.0,1.0,0.0,1.0,0.0,1.0,0.0,1.0,1.0,0.0,0.0,1.0,1
-1.2929897,2.3068545,-0.9440874,0.70167744,2.157151,-1.357281,0.0,1.0,0.0,1.0,0.0,1.0,0.0,1.0,0.0,1.0,0.0,1.0,0.0,1.0,1
-0.29793277,-0.6652476,0.119931586,0.30228454,-0.56231207,1.5582308,0.0,1.0,0.0,1.0,0.0,1.0,0.0,1.0,0.0,1.0,0.0,1.0,0.0,1.0,1
0.37958226,-0.83461213,0.8520033,0.090812705,0.65502656,0.5953345,0.0,1.0,0.0,1.0,0.0,1.0,0.0,1.0,1.0,0.0,1.0,0.0,0.0,1.0,1
0.999664,0.92773,0.98035777,0.12886928,-0.7207853,-0.31001738,0.0,1.0,1.0,0.0,0.0,1.0,1.0,0.0,0.0,1.0,0.0,1.0,0.0,1.0,1
-0.10768333,0.45755818,0.39207608,0.16188811,-0.24406794,0.67729175,0.0,1.0,1.0,0.0,1.0,0.0,0.0,1.0,1.0,0.0,1.0,0.0,1.0,0.0,1
-0.23435584,0.6112007,0.72084105,0.13497688,0.47042406,0.7329558,0.0,1.0,0.0,1.0,1.0,0.0,0.0,1.0,0.0,1.0,1.0,0.0,0.0,1.0,1
-0.095817715,0.3589971,0.8523411,0.13501482,0.20562005,0.6243311,0.0,1.0,0.0,1.0,0.0,1.0,0.0,1.0,0.0,1.0,0.0,1.0,0.0,1.0,1
0.39841804,0.047923405,0.73314595,0.14359985,0.0010213064,0.32568806,0.0,1.0,0.0,1.0,1.0,0.0,0.0,1.0,0.0,1.0,1.0,0.0,0.0,1.0,1
0.24669904,0.12263609,0.73312265,0.062538154,-0.00017762247,0.39843488,0.0,1.0,1.0,0.0,1.0,0.0,1.0,0.0,0.0,1.0,0.0,1.0,0.0,1.0,1
0.3286445,0.015061044,0.6248262,0.10030714,0.00039529247,0.54097295,1.0,0.0,1.0,0.0,0.0,1.0,1.0,0.0,0.0,1.0,0.0,1.0,0.0,1.0,1
0.45591927,0.8196325,1.0839338,-0.045791533,0.55639184,0.88129044,0.0,1.0,0.0,1.0,0.0,1.0,0.0,1.0,0.0,1.0,0.0,1.0,0.0,1.0,1
0.39277905,-0.31984943,0.95729065,0.15706497,-0.89224994,0.73307824,0.0,1.0,0.0,1.0,1.0,0.0,0.0,1.0,1.0,0.0,1.0,0.0,0.0,1.0,1
-0.9497352,-1.3242102,2.0265608,0.47956473,-1.4056855,-0.7664512,1.0,0.0,0.0,1.0,1.0,0.0,0.0,1.0,1.0,0.0,1.0,0.0,0.0,1.0,1
0.38392583,0.9169279,0.807898,0.050086875,0.58480597,0.4813851,0.0,1.0,0.0,1.0,0.0,1.0,0.0,1.0,0.0,1.0,0.0,1.0,0.0,1.0,1
0.79098386,-1.0384364,1.3794769,0.26493123,-1.1255088,-0.55784804,0.0,1.0,0.0,1.0,1.0,0.0,0.0,1.0,0.0,1.0,0.0,1.0,0.0,1.0,1
0.8219854,0.08617123,0.6277473,0.10148321,-0.00050510245,0.39810404,1.0,0.0,1.0,0.0,0.0,1.0,1.0,0.0,0.0,1.0,0.0,1.0,0.0,1.0,1
0.27532324,0.5101203,0.26192042,0.18762936,-0.22874057,0.1603722,0.0,1.0,1.0,0.0,1.0,0.0,0.0,1.0,0.0,1.0,1.0,0.0,1.0,0.0,1
0.16415107,0.2787629,0.63671917,0.18705712,-0.00018621903,0.39870158,0.0,1.0,0.0,1.0,0.0,1.0,0.0,1.0,0.0,1.0,1.0,0.0,0.0,1.0,1
-0.7028123,-1.3566467,1.7065731,0.5060709,-1.3980645,-0.93575877,0.0,1.0,0.0,1.0,0.0,1.0,0.0,1.0,0.0,1.0,1.0,0.0,0.0,1.0,1
0.81609887,0.5682611,0.7753089,0.113542736,-0.38021854,-0.038479444,1.0,0.0,1.0,0.0,1.0,0.0,1.0,0.0,0.0,1.0,0.0,1.0,0.0,1.0,1
-0.82638097,-1.3500626,1.5208305,0.28364667,-1.2491173,1.6437582,0.0,1.0,0.0,1.0,0.0,1.0,0.0,1.0,0.0,1.0,0.0,1.0,0.0,1.0,1
0.26635063,0.3674108,0.50236535,0.15628801,0.19393077,0.49105197,0.0,1.0,0.0,1.0,1.0,0.0,0.0,1.0,0.0,1.0,1.0,0.0,0.0,1.0,1
0.8081104,0.109455004,0.86673766,0.08771241,-5.901829e-05,0.091434784,1.0,0.0,1.0,0.0,0.0,1.0,1.0,0.0,0.0,1.0,0.0,1.0,0.0,1.0,1
0.63024956,0.04470163,0.5831068,0.11108984,0.0002277755,0.44935083,1.0,0.0,1.0,0.0,0.0,1.0,1.0,0.0,0.0,1.0,0.0,1.0,0.0,1.0,1
0.1938618,0.3856911,0.8234612,0.19703676,-0.33303425,0.27103207,1.0,0.0,0.0,1.0,0.0,1.0,0.0,1.0,1.0,0.0,1.0,0.0,0.0,1.0,1
0.56173986,0.20902662,0.5760873,0.10653553,0.00030995233,0.39820012,1.0,0.0,1.0,0.0,0.0,1.0,1.0,0.0,0.0,1.0,0.0,1.0,0.0,1.0,1
0.9217081,-0.16547008,0.39368746,0.15056247,-0.18534893,0.7740631,0.0,1.0,0.0,1.0,0.0,1.0,0.0,1.0,0.0,1.0,0.0,1.0,0.0,1.0,1
0.045520023,-0.36386284,0.3117117,0.24738003,-0.42126262,0.9232421,0.0,1.0,0.0,1.0,0.0,1.0,0.0,1.0,1.0,0.0,0.0,1.0,0.0,1.0,1
0.1247142,0.14394288,0.8005398,0.1470699,0.0010191633,0.39919713,0.0,1.0,0.0,1.0,1.0,0.0,0.0,1.0,0.0,1.0,0.0,1.0,0.0,1.0,1
-1.1649519,1.9005673,-0.5633195,0.6216573,1.664446,-1.0838205,0.0,1.0,0.0,1.0,0.0,1.0,0.0,1.0,0.0,1.0,0.0,1.0,0.0,1.0,1
0.5205913,0.0581917,0.40410402,0.118607685,0.014254691,0.398211,1.0,0.0,1.0,0.0,1.0,0.0,1.0,0.0,0.0,1.0,0.0,1.0,0.0,1.0,1
0.4931939,0.15585877,0.54913414,0.09492459,0.0001540989,0.39819968,0.0,1.0,1.0,0.0,0.0,1.0,1.0,0.0,0.0,1.0,0.0,1.0,0.0,1.0,1
0.5706843,-1.0621257,0.5332263,0.041752495,0.8005003,1.1876844,0.0,1.0,0.0,1.0,0.0,1.0,0.0,1.0,0.0,1.0,0.0,1.0,1.0,0.0,1
0.6801434,0.87934047,0.011416136,0.22710395,-0.7112371,1.0295669,0.0,1.0,0.0,1.0,0.0,1.0,0.0,1.0,0.0,1.0,0.0,1.0,0.0,1.0,1
0.66618973,-0.21510689,0.9818254,0.049707077,-0.22807966,0.77691334,0.0,1.0,0.0,1.0,1.0,0.0,0.0,1.0,0.0,1.0,0.0,1.0,0.0,1.0,1
0.12914577,-0.22294259,0.6441347,0.17844504,0.19496606,0.41300067,0.0,1.0,0.0,1.0,0.0,1.0,0.0,1.0,1.0,0.0,0.0,1.0,1.0,0.0,1
0.88015157,0.6087505,0.16483855,0.06000402,0.30297664,0.7487359,0.0,1.0,1.0,0.0,0.0,1.0,1.0,0.0,1.0,0.0,0.0,1.0,0.0,1.0,1
-0.7601881,1.2069287,1.5301311,0.20832433,1.0908391,-0.6469454,0.0,1.0,0.0,1.0,0.0,1.0,0.0,1.0,0.0,1.0,0.0,1.0,0.0,1.0,1
0.26013985,0.07237668,0.5332078,0.12689346,-0.00018125653,0.39803687,1.0,0.0,1.0,0.0,0.0,1.0,1.0,0.0,0.0,1.0,0.0,1.0,0.0,1.0,1
-0.901925,-1.4648193,1.3750628,0.13937691,1.2487948,1.2453669,0.0,1.0,0.0,1.0,0.0,1.0,0.0,1.0,0.0,1.0,0.0,1.0,0.0,1.0,1
0.43058398,-0.72985184,0.8229246,0.062156823,0.6666971,0.79978555,1.0,0.0,0.0,1.0,0.0,1.0,0.0,1.0,1.0,0.0,1.0,0.0,0.0,1.0,1
-0.9368246,-1.2867187,-0.1659666,0.3032122,1.2176248,1.6540968,1.0,0.0,0.0,1.0,0.0,1.0,0.0,1.0,0.0,1.0,0.0,1.0,0.0,1.0,1
0.68471944,0.016590469,0.5180347,0.14320144,0.06967766,0.12372059,1.0,0.0,1.0,0.0,0.0,1.0,1.0,0.0,0.0,1.0,0.0,1.0,0.0,1.0,1
-0.08194617,-0.16821656,0.772939,0.16816482,0.24417093,0.5692461,1.0,0.0,0.0,1.0,0.0,1.0,0.0,1.0,0.0,1.0,1.0,0.0,0.0,1.0,1
0.53472304,0.059997812,0.7334099,0.15447317,0.00046464978,0.24520811,0.0,1.0,0.0,1.0,0.0,1.0,0.0,1.0,0.0,1.0,0.0,1.0,1.0,0.0,1
0.19290036,0.09734824,0.80157363,0.1529284,0.0009315139,0.24541117,0.0,1.0,0.0,1.0,1.0,0.0,0.0,1.0,0.0,1.0,0.0,1.0,0.0,1.0,1
0.21892989,0.071252614,0.80014664,0.0554183,0.0002513075,0.3976615,0.0,1.0,1.0,0.0,1.0,0.0,1.0,0.0,0.0,1.0,0.0,1.0,0.0,1.0,1
-0.11657114,0.37456962,0.7087856,0.1537452,-0.21908832,0.17623474,0.0,1.0,1.0,0.0,0.0,1.0,1.0,0.0,0.0,1.0,0.0,1.0,0.0,1.0,1
0.2191751,0.06708593,0.8001738,0.055432796,-2.5138288e-05,0.39782745,0.0,1.0,1.0,0.0,1.0,0.0,1.0,0.0,0.0,1.0,0.0,1.0,0.0,1.0,1
0.397311,0.2148645,0.49375728,0.12751402,0.03708464,0.29881892,1.0,0.0,1.0,0.0,0.0,1.0,1.0,0.0,0.0,1.0,0.0,1.0,0.0,1.0,1
0.5755516,0.24347407,0.8001143,0.06414524,3.6814647e-05,0.39782226,1.0,0.0,1.0,0.0,0.0,1.0,1.0,0.0,0.0,1.0,0.0,1.0,0.0,1.0,1
-1.0724168,1.4644669,-0.335057,0.41820288,1.1701452,-0.78533083,1.0,0.0,1.0,0.0,1.0,0.0,1.0,0.0,0.0,1.0,0.0,1.0,0.0,1.0,1
0.40669054,0.34166098,0.23940133,0.1715251,0.20696154,0.5964538,0.0,1.0,0.0,1.0,0.0,1.0,0.0,1.0,1.0,0.0,0.0,1.0,0.0,1.0,1
-0.48455444,-0.7268644,0.18572551,0.16466212,0.60225475,1.0915481,0.0,1.0,1.0,0.0,0.0,1.0,1.0,0.0,0.0,1.0,0.0,1.0,0.0,1.0,1
0.34233767,0.06728947,0.53431666,0.08491256,-2.7840397e-06,0.34755695,0.0,1.0,1.0,0.0,1.0,0.0,0.0,1.0,0.0,1.0,1.0,0.0,0.0,1.0,1
0.121289946,0.07091615,0.3835343,0.14505255,0.08398296,0.4663612,1.0,0.0,1.0,0.0,0.0,1.0,1.0,0.0,0.0,1.0,0.0,1.0,1.0,0.0,1
0.503524,-0.03667519,0.14487086,0.14202064,0.20015429,0.44387498,0.0,1.0,1.0,0.0,0.0,1.0,0.0,1.0,0.0,1.0,1.0,0.0,0.0,1.0,1
0.15627092,-0.13500561,0.97095096,0.10024126,0.5777597,0.23067966,0.0,1.0,0.0,1.0,1.0,0.0,0.0,1.0,0.0,1.0,0.0,1.0,0.0,1.0,1
-0.9672183,-1.496099,-0.6298507,0.6604482,1.788352,-0.89146787,0.0,1.0,0.0,1.0,0.0,1.0,0.0,1.0,0.0,1.0,0.0,1.0,0.0,1.0,1
0.38226867,-0.2095666,0.33848822,0.11166398,0.18761931,0.60228777,0.0,1.0,1.0,0.0,0.0,1.0,1.0,0.0,0.0,1.0,0.0,1.0,0.0,1.0,1
0.534025,0.11540973,0.6240315,0.09876384,0.00016181532,0.44927272,1.0,0.0,1.0,0.0,0.0,1.0,1.0,0.0,0.0,1.0,0.0,1.0,0.0,1.0,1
-0.88540494,1.7635027,1.8577546,0.43507868,-1.5006196,-1.0121647,0.0,1.0,0.0,1.0,0.0,1.0,0.0,1.0,0.0,1.0,1.0,0.0,0.0,1.0,1
-0.51234734,-1.0093819,1.7318965,0.3589738,-1.0911585,-0.5558563,0.0,1.0,0.0,1.0,1.0,0.0,0.0,1.0,0.0,1.0,1.0,0.0,0.0,1.0,1
0.3012951,0.3172232,0.5560511,0.18467616,0.00028324046,0.39778727,0.0,1.0,0.0,1.0,0.0,1.0,0.0,1.0,0.0,1.0,1.0,0.0,0.0,1.0,1
0.12338527,0.11874213,0.678811,0.20816442,0.0021471945,0.14229493,1.0,0.0,0.0,1.0,1.0,0.0,0.0,1.0,0.0,1.0,1.0,0.0,0.0,1.0,1
0.48353165,-0.80786204,0.8293421,0.22057332,-0.86166114,0.60063654,0.0,1.0,0.0,1.0,0.0,1.0,0.0,1.0,0.0,1.0,0.0,1.0,0.0,1.0,1
0.072787516,0.34289247,0.7998937,0.10015302,-0.17359224,0.17645723,1.0,0.0,1.0,0.0,1.0,0.0,1.0,0.0,0.0,1.0,0.0,1.0,0.0,1.0,1
1.5123945,-0.9249537,-0.12538259,0.43406704,-0.9194719,-0.46800867,0.0,1.0,1.0,0.0,1.0,0.0,1.0,0.0,1.0,0.0,0.0,1.0,0.0,1.0,1
0.8976512,-0.79325163,0.7890812,0.016728269,0.51558065,0.8829576,0.0,1.0,0.0,1.0,0.0,1.0,0.0,1.0,1.0,0.0,0.0,1.0,0.0,1.0,1
-0.14773838,0.47863048,0.7602765,0.19704393,0.23625138,0.22348249,1.0,0.0,0.0,1.0,1.0,0.0,0.0,1.0,0.0,1.0,1.0,0.0,0.0,1.0,1
0.21941555,0.17270885,0.564687,0.099408545,8.4724306e-05,0.39782634,0.0,1.0,1.0,0.0,0.0,1.0,0.0,1.0,0.0,1.0,1.0,0.0,0.0,1.0,1
2.3507202,2.7249024,-1.3410403,0.8302602,-2.42481,-1.8644731,0.0,1.0,0.0,1.0,0.0,1.0,0.0,1.0,0.0,1.0,0.0,1.0,0.0,1.0,1
0.9081056,-0.4464622,0.58258873,0.16645363,-0.39766517,0.71838427,1.0,0.0,0.0,1.0,1.0,0.0,0.0,1.0,0.0,1.0,0.0,1.0,0.0,1.0,1
0.5351713,-0.13420294,0.36547798,0.09479441,0.166871,0.693996,0.0,1.0,1.0,0.0,0.0,1.0,1.0,0.0,0.0,1.0,0.0,1.0,0.0,1.0,1
-0.8727843,-1.374365,1.3720349,0.109043315,1.1576755,1.554781,0.0,1.0,0.0,1.0,0.0,1.0,0.0,1.0,0.0,1.0,0.0,1.0,0.0,1.0,1
0.55634916,0.37334654,0.20317963,0.13733895,0.7312075,0.5577356,0.0,1.0,0.0,1.0,0.0,1.0,0.0,1.0,0.0,1.0,1.0,0.0,0.0,1.0,1
0.30503136,-0.05021463,0.68739533,0.053653926,0.15457344,0.5693869,0.0,1.0,1.0,0.0,0.0,1.0,1.0,0.0,0.0,1.0,0.0,1.0,0.0,1.0,1
0.39673716,0.064097404,0.5998871,0.17229122,-0.00061374257,0.39845413,0.0,1.0,0.0,1.0,0.0,1.0,0.0,1.0,0.0,1.0,1.0,0.0,0.0,1.0,1
0.26021874,0.071218155,0.6417796,0.10618876,0.00024405165,0.39781588,1.0,0.0,1.0,0.0,0.0,1.0,0.0,1.0,0.0,1.0,1.0,0.0,0.0,1.0,1
0.21066937,-0.009113494,0.7111141,0.209401,-0.32730892,0.38756472,0.0,1.0,0.0,1.0,0.0,1.0,0.0,1.0,0.0,1.0,1.0,0.0,0.0,1.0,1
-0.10771378,-0.43880737,0.20117322,0.20674658,0.54489326,0.80518186,0.0,1.0,0.0,1.0,1.0,0.0,0.0,1.0,0.0,1.0,0.0,1.0,0.0,1.0,1
-0.4964199,0.86648554,1.0608091,0.23728661,-0.8825451,0.71522033,0.0,1.0,0.0,1.0,1.0,0.0,0.0,1.0,0.0,1.0,1.0,0.0,0.0,1.0,1
0.34897563,-0.76519954,0.7606895,0.07261137,0.6227146,0.7799043,0.0,1.0,0.0,1.0,0.0,1.0,0.0,1.0,0.0,1.0,1.0,0.0,0.0,1.0,1
0.24669226,0.14050668,0.56249887,0.10030099,0.000116733085,0.39815918,0.0,1.0,1.0,0.0,0.0,1.0,0.0,1.0,0.0,1.0,1.0,0.0,0.0,1.0,1
-0.08720659,0.43109655,0.93124723,0.114868924,0.20034434,0.679544,0.0,1.0,0.0,1.0,0.0,1.0,0.0,1.0,0.0,1.0,0.0,1.0,0.0,1.0,1
0.6219309,0.40643412,0.80454516,0.086463295,0.13835168,0.54181767,1.0,0.0,0.0,1.0,0.0,1.0,0.0,1.0,0.0,1.0,0.0,1.0,0.0,1.0,1
0.23385252,0.12460773,0.5871373,0.19691034,0.0010928024,0.34762794,0.0,1.0,0.0,1.0,0.0,1.0,0.0,1.0,0.0,1.0,1.0,0.0,0.0,1.0,1
0.6080284,0.2667263,0.6647755,0.037536837,0.117885776,0.5529069,0.0,1.0,1.0,0.0,0.0,1.0,1.0,0.0,0.0,1.0,0.0,1.0,0.0,1.0,1
0.384617,0.05656497,0.5987081,0.17394754,0.0019180293,0.3986861,0.0,1.0,0.0,1.0,0.0,1.0,0.0,1.0,0.0,1.0,1.0,0.0,0.0,1.0,1
0.31075615,0.9017622,0.739936,0.055193007,0.6042679,0.6817253,0.0,1.0,0.0,1.0,0.0,1.0,0.0,1.0,0.0,1.0,1.0,0.0,0.0,1.0,1
0.8091505,-0.87910485,-0.12390247,0.3015408,1.1215658,-0.49384016,0.0,1.0,0.0,1.0,0.0,1.0,0.0,1.0,0.0,1.0,0.0,1.0,0.0,1.0,1
0.15146397,0.06497442,0.64717644,0.19124937,0.0012255827,0.3982179,0.0,1.0,0.0,1.0,0.0,1.0,0.0,1.0,0.0,1.0,1.0,0.0,0.0,1.0,1
0.45212165,0.18675792,0.7996044,0.06930335,0.00019835291,0.39857998,1.0,0.0,1.0,0.0,0.0,1.0,1.0,0.0,0.0,1.0,0.0,1.0,0.0,1.0,1
0.2330229,0.14565006,0.666844,0.14985248,2.8883922e-05,0.6429607,0.0,1.0,0.0,1.0,0.0,1.0,0.0,1.0,0.0,1.0,1.0,0.0,0.0,1.0,1
-0.04946593,-0.13374387,0.36487874,0.18996795,0.28227803,0.23385617,0.0,1.0,1.0,0.0,0.0,1.0,1.0,0.0,1.0,0.0,0.0,1.0,1.0,0.0,1
0.3922862,0.30868882,0.34334496,0.120467134,0.2292407,0.14457415,0.0,1.0,1.0,0.0,1.0,0.0,1.0,0.0,0.0,1.0,0.0,1.0,0.0,1.0,1
0.39721593,0.20604016,0.6040629,0.11685556,0.0005688741,0.24485904,1.0,0.0,1.0,0.0,0.0,1.0,1.0,0.0,0.0,1.0,0.0,1.0,0.0,1.0,1
-0.09049009,0.29846537,0.72261524,0.07313664,0.23766418,0.5907194,1.0,0.0,1.0,0.0,0.0,1.0,0.0,1.0,0.0,1.0,1.0,0.0,0.0,1.0,1
0.20511872,0.23883277,0.5997626,0.07516975,-4.1628322e-05,0.49976265,0.0,1.0,1.0,0.0,1.0,0.0,1.0,0.0,0.0,1.0,0.0,1.0,0.0,1.0,1
0.7754775,0.5043986,0.79431653,0.14815488,-0.585228,0.52973336,1.0,0.0,0.0,1.0,0.0,1.0,0.0,1.0,1.0,0.0,1.0,0.0,0.0,1.0,1
0.44605115,-0.76414084,0.7726624,0.07643712,0.63709503,0.7755176,0.0,1.0,0.0,1.0,0.0,1.0,0.0,1.0,1.0,0.0,1.0,0.0,0.0,1.0,1
0.21948975,0.07095201,0.6077687,0.17409927,-0.0003707525,0.3978518,0.0,1.0,0.0,1.0,1.0,0.0,0.0,1.0,0.0,1.0,1.0,0.0,0.0,1.0,1
0.19176175,0.6904567,0.600027,0.072800055,9.777621e-06,0.3976738,1.0,0.0,1.0,0.0,1.0,0.0,1.0,0.0,0.0,1.0,0.0,1.0,0.0,1.0,1
-0.04318953,0.5770903,0.81808406,0.24071622,-0.41182083,0.13093811,0.0,1.0,0.0,1.0,0.0,1.0,0.0,1.0,0.0,1.0,0.0,1.0,0.0,1.0,1
0.47942114,0.12068633,0.17761926,0.14052512,0.08364508,0.4718488,0.0,1.0,1.0,0.0,1.0,0.0,1.0,0.0,0.0,1.0,0.0,1.0,1.0,0.0,1
0.17828253,0.27898392,0.5156863,0.2314052,-1.0397696e-05,0.201133,0.0,1.0,0.0,1.0,0.0,1.0,0.0,1.0,0.0,1.0,1.0,0.0,0.0,1.0,1
0.59749484,0.9919458,0.6169403,0.02861492,0.52971023,0.7670444,1.0,0.0,0.0,1.0,1.0,0.0,0.0,1.0,1.0,0.0,0.0,1.0,0.0,1.0,1
0.48933986,-0.09881356,0.7015285,0.21369721,-0.27996433,0.18820454,1.0,0.0,0.0,1.0,0.0,1.0,0.0,1.0,0.0,1.0,1.0,0.0,0.0,1.0,1
0.04161307,0.032924775,0.6011612,0.13045342,1.826309e-05,0.29546368,0.0,1.0,1.0,0.0,0.0,1.0,1.0,0.0,0.0,1.0,0.0,1.0,0.0,1.0,1
0.46823615,-0.7489401,0.8021234,0.21707265,-0.8576657,0.6693853,0.0,1.0,0.0,1.0,0.0,1.0,0.0,1.0,0.0,1.0,0.0,1.0,0.0,1.0,1
0.42876098,-0.41765708,0.7654803,0.16161561,-0.49273413,0.7338394,0.0,1.0,0.0,1.0,0.0,1.0,0.0,1.0,0.0,1.0,0.0,1.0,0.0,1.0,1
0.2182346,0.1470037,0.43685627,0.22546525,-0.0012073333,0.3466186,0.0,1.0,0.0,1.0,0.0,1.0,0.0,1.0,0.0,1.0,1.0,0.0,0.0,1.0,1
-0.38406444,0.5667277,0.804643,0.11181769,-0.43189758,1.0213325,0.0,1.0,1.0,0.0,0.0,1.0,1.0,0.0,0.0,1.0,0.0,1.0,0.0,1.0,1
0.120048665,0.41814417,0.71994597,0.12610097,0.12274917,0.5911096,1.0,0.0,0.0,1.0,1.0,0.0,0.0,1.0,0.0,1.0,0.0,1.0,0.0,1.0,1
0.23244259,0.37598026,0.33599144,0.15082699,0.18684967,0.911246,0.0,1.0,0.0,1.0,0.0,1.0,0.0,1.0,0.0,1.0,0.0,1.0,1.0,0.0,1
0.6302695,0.14214431,0.53828615,0.09061938,-6.540816e-05,0.39784396,1.0,0.0,1.0,0.0,1.0,0.0,1.0,0.0,0.0,1.0,0.0,1.0,0.0,1.0,1
1.387959,-0.46167287,0.18147922,0.15166703,0.3760052,0.6406836,1.0,0.0,0.0,1.0,1.0,0.0,0.0,1.0,0.0,1.0,0.0,1.0,0.0,1.0,1
0.4486519,0.939974,0.7493558,0.14601602,-0.9053404,0.9133596,1.0,0.0,0.0,1.0,1.0,0.0,0.0,1.0,0.0,1.0,0.0,1.0,0.0,1.0,1
0.78002316,-0.39876768,0.40762118,0.113526,0.4503144,0.7812959,1.0,0.0,0.0,1.0,1.0,0.0,0.0,1.0,0.0,1.0,1.0,0.0,0.0,1.0,1
0.41104138,0.2473113,0.5530571,0.10608982,-0.22447821,0.45744526,0.0,1.0,1.0,0.0,0.0,1.0,0.0,1.0,0.0,1.0,1.0,0.0,0.0,1.0,1
0.13735847,0.069946475,0.6000242,0.15290527,0.45348728,0.39657488,0.0,1.0,0.0,1.0,0.0,1.0,0.0,1.0,1.0,0.0,0.0,1.0,1.0,0.0,1
0.034082122,0.43171826,0.68649745,0.17219624,0.22297533,0.3889519,1.0,0.0,0.0,1.0,0.0,1.0,0.0,1.0,1.0,0.0,0.0,1.0,0.0,1.0,1
0.6956801,-0.47646976,0.8178221,0.16533048,-0.5487041,0.7644789,1.0,0.0,0.0,1.0,0.0,1.0,0.0,1.0,0.0,1.0,1.0,0.0,0.0,1.0,1
0.08239519,0.046426907,0.59990156,0.10347022,0.0001633127,0.3978366,0.0,1.0,1.0,0.0,1.0,0.0,1.0,0.0,0.0,1.0,0.0,1.0,0.0,1.0,1
0.34281102,0.22180283,0.600396,0.06623635,0.0001546999,0.3982416,1.0,0.0,1.0,0.0,1.0,0.0,0.0,1.0,0.0,1.0,1.0,0.0,0.0,1.0,1
-0.013080048,-0.015271505,0.9887294,0.1469138,-0.29094443,0.62568915,0.0,1.0,0.0,1.0,1.0,0.0,0.0,1.0,0.0,1.0,0.0,1.0,0.0,1.0,1
0.38424793,0.022707934,0.5526947,0.1837576,0.00030649197,0.27587065,0.0,1.0,0.0,1.0,1.0,0.0,0.0,1.0,0.0,1.0,1.0,0.0,0.0,1.0,1
-2.3954575,3.4090986,-2.0350654,1.6050309,-3.0884483,-2.5206127,1.0,0.0,0.0,1.0,0.0,1.0,0.0,1.0,0.0,1.0,0.0,1.0,0.0,1.0,1
-0.7314766,-1.0378431,1.2724295,0.17490603,-0.92949885,1.3491688,0.0,1.0,1.0,0.0,1.0,0.0,1.0,0.0,0.0,1.0,0.0,1.0,0.0,1.0,1
-0.038267702,0.5199918,0.4677924,0.23289323,-0.2579256,0.59708935,0.0,1.0,0.0,1.0,0.0,1.0,0.0,1.0,0.0,1.0,0.0,1.0,1.0,0.0,1
0.55822307,-0.6277078,0.1308876,0.27603292,-0.734748,0.9938581,0.0,1.0,0.0,1.0,0.0,1.0,0.0,1.0,0.0,1.0,0.0,1.0,0.0,1.0,1
0.577986,-0.07831612,0.629134,0.16077088,0.23322925,0.15527861,0.0,1.0,0.0,1.0,1.0,0.0,0.0,1.0,1.0,0.0,1.0,0.0,0.0,1.0,1
0.7226151,-0.19273587,0.42373958,0.1683599,-0.16809915,0.22123443,0.0,1.0,1.0,0.0,0.0,1.0,1.0,0.0,1.0,0.0,0.0,1.0,0.0,1.0,1
0.041669086,0.09060204,0.5338322,0.11835706,0.00081307074,0.39859712,0.0,1.0,1.0,0.0,1.0,0.0,1.0,0.0,0.0,1.0,0.0,1.0,0.0,1.0,1
0.6528614,-1.0636401,0.9428917,0.19362055,-1.2320719,0.8033207,0.0,1.0,0.0,1.0,1.0,0.0,0.0,1.0,0.0,1.0,1.0,0.0,0.0,1.0,1
0.70503265,-1.0702795,1.2583008,0.28269312,-1.1374727,-0.47325596,0.0,1.0,0.0,1.0,1.0,0.0,0.0,1.0,1.0,0.0,1.0,0.0,0.0,1.0,1
0.38372368,0.12544219,0.61182743,0.095030755,-0.00013030169,0.5509344,1.0,0.0,1.0,0.0,0.0,1.0,1.0,0.0,0.0,1.0,0.0,1.0,0.0,1.0,1
0.58905566,0.15716185,0.54508984,0.093964815,-0.0002892348,0.39817846,0.0,1.0,1.0,0.0,0.0,1.0,1.0,0.0,0.0,1.0,0.0,1.0,0.0,1.0,1
0.34259418,0.12537926,0.73418176,0.06963138,-7.414823e-06,0.39837578,0.0,1.0,1.0,0.0,1.0,0.0,1.0,0.0,1.0,0.0,0.0,1.0,0.0,1.0,1
0.3696634,0.15068646,0.581035,0.11044897,0.001127846,0.39828753,1.0,0.0,1.0,0.0,0.0,1.0,0.0,1.0,0.0,1.0,1.0,0.0,0.0,1.0,1
0.31498742,0.041001756,0.6675239,0.086107686,-0.0002554305,0.39820513,0.0,1.0,1.0,0.0,1.0,0.0,1.0,0.0,1.0,0.0,0.0,1.0,0.0,1.0,1
0.3783524,0.33970362,0.3190351,0.064928085,0.17846696,0.59261966,0.0,1.0,1.0,0.0,1.0,0.0,0.0,1.0,0.0,1.0,1.0,0.0,0.0,1.0,1
0.05574038,0.47938073,0.4370291,0.13311228,0.22982645,0.2846183,0.0,1.0,1.0,0.0,0.0,1.0,1.0,0.0,1.0,0.0,0.0,1.0,0.0,1.0,1
0.5647556,0.51123095,0.20760034,0.1317006,-0.42735237,1.0612249,0.0,1.0,1.0,0.0,0.0,1.0,1.0,0.0,0.0,1.0,0.0,1.0,0.0,1.0,1
0.7133061,-0.42738715,0.89775157,0.15305464,-0.40600586,-0.048337687,0.0,1.0,1.0,0.0,0.0,1.0,1.0,0.0,0.0,1.0,0.0,1.0,0.0,1.0,1
1.0525696,0.85483605,0.12390127,0.06225847,0.5455994,0.96076787,0.0,1.0,0.0,1.0,0.0,1.0,0.0,1.0,0.0,1.0,0.0,1.0,0.0,1.0,1
0.5069212,0.18716878,0.55448365,0.09853496,0.0004399218,0.39836976,1.0,0.0,1.0,0.0,0.0,1.0,1.0,0.0,1.0,0.0,0.0,1.0,0.0,1.0,1
0.9278839,-0.40907335,0.33632413,0.20662054,-0.4793402,0.73866916,0.0,1.0,0.0,1.0,0.0,1.0,0.0,1.0,0.0,1.0,0.0,1.0,0.0,1.0,1
-0.22544302,-0.42815202,1.0972999,0.21891592,0.5663063,-0.19244441,0.0,1.0,0.0,1.0,0.0,1.0,0.0,1.0,0.0,1.0,1.0,0.0,0.0,1.0,1
0.27414736,0.077127576,0.5330775,0.06468938,0.00041778246,0.6019379,0.0,1.0,1.0,0.0,1.0,0.0,0.0,1.0,0.0,1.0,1.0,0.0,0.0,1.0,1
1.2688469,0.83105296,0.02437757,0.20464356,-0.67272574,1.0574428,0.0,1.0,0.0,1.0,0.0,1.0,0.0,1.0,0.0,1.0,0.0,1.0,0.0,1.0,1
-0.7178996,-1.0287287,0.06771528,0.5202604,-0.7698622,-0.44440928,0.0,1.0,1.0,0.0,0.0,1.0,1.0,0.0,0.0,1.0,0.0,1.0,0.0,1.0,1
-0.52234757,-0.72885835,1.4428546,0.28304628,-0.6932139,-0.5491754,0.0,1.0,1.0,0.0,0.0,1.0,0.0,1.0,0.0,1.0,1.0,0.0,0.0,1.0,1
1.3620964,-0.7044582,0.97891766,0.091339275,0.60680753,-0.31941003,0.0,1.0,0.0,1.0,1.0,0.0,0.0,1.0,0.0,1.0,0.0,1.0,0.0,1.0,1
0.42673293,-1.1391612,1.0440089,-0.047121897,0.9887786,1.1392276,0.0,1.0,0.0,1.0,1.0,0.0,0.0,1.0,0.0,1.0,0.0,1.0,0.0,1.0,1
-0.35858887,1.0131125,1.0302676,0.20074835,0.7100954,-0.29249328,0.0,1.0,0.0,1.0,0.0,1.0,0.0,1.0,0.0,1.0,0.0,1.0,0.0,1.0,1
1.4890237,1.9729474,1.5243429,-0.07452092,1.4439746,-0.98216254,0.0,1.0,0.0,1.0,0.0,1.0,0.0,1.0,0.0,1.0,0.0,1.0,0.0,1.0,1
0.6840873,0.024995305,0.66653025,0.15436901,-0.0008620376,0.23451109,0.0,1.0,0.0,1.0,0.0,1.0,0.0,1.0,0.0,1.0,1.0,0.0,0.0,1.0,1
-0.9221571,-1.2741289,-0.15741672,0.60173076,1.6167748,-0.9091736,0.0,1.0,0.0,1.0,0.0,1.0,0.0,1.0,0.0,1.0,1.0,0.0,0.0,1.0,1
0.22266868,0.6338579,0.47630084,0.16605712,0.3868614,0.28520846,0.0,1.0,0.0,1.0,0.0,1.0,0.0,1.0,0.0,1.0,0.0,1.0,0.0,1.0,1
0.31451,0.6810929,0.797322,0.15910669,-0.5770253,0.58319575,0.0,1.0,0.0,1.0,0.0,1.0,0.0,1.0,0.0,1.0,0.0,1.0,0.0,1.0,1
0.49513507,-0.7912922,0.5943177,0.079546124,0.5045153,0.8145089,0.0,1.0,0.0,1.0,0.0,1.0,0.0,1.0,0.0,1.0,0.0,1.0,0.0,1.0,1
0.08239211,0.1254743,0.6150738,0.20961837,0.0017444313,0.34735754,0.0,1.0,0.0,1.0,0.0,1.0,0.0,1.0,0.0,1.0,1.0,0.0,0.0,1.0,1
0.21942952,0.06708353,0.75062394,0.0982582,-0.0005316779,0.44922006,0.0,1.0,1.0,0.0,0.0,1.0,1.0,0.0,0.0,1.0,0.0,1.0,1.0,0.0,1
-2.6633816,-3.0242853,-1.7321717,1.6570128,-2.7522244,-2.5749743,1.0,0.0,1.0,0.0,0.0,1.0,1.0,0.0,0.0,1.0,0.0,1.0,0.0,1.0,1
0.71775484,-0.7822428,0.28455618,0.25274214,0.8027363,-0.41954383,1.0,0.0,0.0,1.0,1.0,0.0,0.0,1.0,0.0,1.0,0.0,1.0,0.0,1.0,1
0.32798937,0.12255605,0.5583101,0.18560185,-0.0009885933,0.397439,0.0,1.0,0.0,1.0,0.0,1.0,0.0,1.0,0.0,1.0,1.0,0.0,0.0,1.0,1
0.90812767,0.64820886,0.66832066,0.112838276,-0.5155589,0.7191359,0.0,1.0,0.0,1.0,0.0,1.0,0.0,1.0,1.0,0.0,0.0,1.0,0.0,1.0,1
0.48056445,-0.78123474,0.9743883,0.17077978,-0.90387595,0.6775636,0.0,1.0,0.0,1.0,1.0,0.0,0.0,1.0,1.0,0.0,1.0,0.0,0.0,1.0,1
0.629954,0.26302892,0.066447176,0.16287911,7.80682e-05,0.3471713,0.0,1.0,1.0,0.0,1.0,0.0,1.0,0.0,0.0,1.0,0.0,1.0,0.0,1.0,1
0.57519025,0.18570566,0.5705157,0.10430452,-0.00024003824,0.44905964,1.0,0.0,1.0,0.0,0.0,1.0,1.0,0.0,0.0,1.0,0.0,1.0,0.0,1.0,1
-0.31595498,0.9430681,0.34621495,0.2949948,0.8182873,-0.22350717,1.0,0.0,0.0,1.0,1.0,0.0,0.0,1.0,0.0,1.0,1.0,0.0,0.0,1.0,1
0.3151556,0.22756244,0.5658133,0.18916397,0.0012063128,0.34741887,0.0,1.0,0.0,1.0,0.0,1.0,0.0,1.0,0.0,1.0,1.0,0.0,0.0,1.0,1
-0.065365925,-0.25978497,0.81930864,0.1966026,0.42583105,0.009351354,1.0,0.0,0.0,1.0,1.0,0.0,0.0,1.0,0.0,1.0,0.0,1.0,0.0,1.0,1
-0.7155392,-1.1103644,-0.01747186,0.43542683,-1.0938754,1.7715374,0.0,1.0,0.0,1.0,1.0,0.0,0.0,1.0,0.0,1.0,1.0,0.0,0.0,1.0,1
0.23348674,0.118571825,0.5837131,0.19504137,-0.00033315294,0.2452101,0.0,1.0,0.0,1.0,1.0,0.0,0.0,1.0,0.0,1.0,1.0,0.0,0.0,1.0,1
-1.9507757,2.7920709,2.7715118,-0.21750008,2.4196274,2.4642372,0.0,1.0,0.0,1.0,0.0,1.0,0.0,1.0,0.0,1.0,0.0,1.0,0.0,1.0,1
-1.3686483,2.0466702,1.9737551,0.53984743,-1.7884287,-1.199447,0.0,1.0,0.0,1.0,1.0,0.0,0.0,1.0,0.0,1.0,1.0,0.0,0.0,1.0,1
0.07363818,0.17043287,0.60161275,0.18475744,0.0016314064,0.40005893,0.0,1.0,0.0,1.0,1.0,0.0,0.0,1.0,0.0,1.0,0.0,1.0,0.0,1.0,1
0.7454894,1.4137596,0.68733996,0.13861378,-1.1625661,1.1986263,0.0,1.0,0.0,1.0,0.0,1.0,0.0,1.0,0.0,1.0,0.0,1.0,1.0,0.0,1
-0.2894577,-0.5143699,0.8290268,0.16746925,0.49027312,0.6585922,0.0,1.0,0.0,1.0,1.0,0.0,0.0,1.0,0.0,1.0,1.0,0.0,0.0,1.0,1
0.7535223,0.1973944,0.5414275,0.09281912,-0.00012118935,0.19370659,0.0,1.0,1.0,0.0,1.0,0.0,1.0,0.0,0.0,1.0,0.0,1.0,0.0,1.0,1
-0.07636667,-0.041452825,0.3711442,0.21422267,0.22845092,0.6137629,1.0,0.0,0.0,1.0,0.0,1.0,0.0,1.0,0.0,1.0,0.0,1.0,1.0,0.0,1
0.6163651,0.06887891,0.58882,0.113447405,0.00013006019,0.39831275,1.0,0.0,1.0,0.0,0.0,1.0,1.0,0.0,0.0,1.0,0.0,1.0,0.0,1.0,1
0.7265421,-0.22568439,0.71819574,0.06846307,-0.21935537,0.5824308,0.0,1.0,1.0,0.0,1.0,0.0,1.0,0.0,0.0,1.0,0.0,1.0,0.0,1.0,1
0.5615934,0.11382739,0.59937835,0.16838087,-2.7850963e-05,0.4179988,0.0,1.0,0.0,1.0,0.0,1.0,0.0,1.0,0.0,1.0,1.0,0.0,1.0,0.0,1
-2.578058,3.4199657,-1.6549557,1.6338494,-3.2219815,-2.5744314,0.0,1.0,0.0,1.0,0.0,1.0,0.0,1.0,0.0,1.0,1.0,0.0,0.0,1.0,1
0.5868723,-0.58988565,1.3632711,0.21240573,-0.8771562,-0.34955618,0.0,1.0,0.0,1.0,1.0,0.0,0.0,1.0,1.0,0.0,0.0,1.0,0.0,1.0,1
0.1011449,0.16156676,0.64876056,0.21991895,0.0044782874,0.073628016,0.0,1.0,0.0,1.0,0.0,1.0,0.0,1.0,0.0,1.0,0.0,1.0,0.0,1.0,1
0.6093396,0.29661125,0.44511026,0.09237866,0.19286448,0.18141691,0.0,1.0,1.0,0.0,1.0,0.0,1.0,0.0,0.0,1.0,0.0,1.0,0.0,1.0,1
1.1051039,1.1620146,-0.078056395,0.09905882,0.6712335,0.92133224,1.0,0.0,0.0,1.0,1.0,0.0,0.0,1.0,1.0,0.0,1.0,0.0,0.0,1.0,1
0.3011336,0.054450415,0.56564975,0.18878931,-0.0007965282,0.3982176,0.0,1.0,0.0,1.0,0.0,1.0,0.0,1.0,0.0,1.0,1.0,0.0,0.0,1.0,1
1.2061636,0.8840619,0.1442391,0.1462282,-0.3641731,1.0639166,0.0,1.0,0.0,1.0,0.0,1.0,0.0,1.0,0.0,1.0,0.0,1.0,0.0,1.0,1
0.49334702,0.16196878,0.25256225,0.24220124,5.9471495e-06,0.30496392,0.0,1.0,0.0,1.0,0.0,1.0,0.0,1.0,1.0,0.0,1.0,0.0,0.0,1.0,1
0.63298947,0.8227172,0.9253142,-0.0322656,0.49559563,0.90347326,0.0,1.0,0.0,1.0,0.0,1.0,0.0,1.0,0.0,1.0,0.0,1.0,0.0,1.0,1
0.2327494,0.22001675,0.5999545,0.07368311,0.00021423827,0.4999733,0.0,1.0,1.0,0.0,1.0,0.0,1.0,0.0,0.0,1.0,0.0,1.0,0.0,1.0,1
0.45765606,-0.38668483,0.24347156,0.22508429,-0.42168897,0.8621458,0.0,1.0,0.0,1.0,0.0,1.0,0.0,1.0,0.0,1.0,0.0,1.0,0.0,1.0,1
1.2913265,-0.70612425,0.07338379,0.111109,0.6791546,0.99340105,0.0,1.0,0.0,1.0,0.0,1.0,0.0,1.0,0.0,1.0,1.0,0.0,0.0,1.0,1
0.51646745,1.3128057,0.9027899,-0.035315927,0.9596803,0.67841214,0.0,1.0,0.0,1.0,1.0,0.0,0.0,1.0,1.0,0.0,1.0,0.0,0.0,1.0,1
0.6233265,1.5740752,1.120641,-0.18502884,1.3055857,1.1236997,0.0,1.0,0.0,1.0,1.0,0.0,0.0,1.0,0.0,1.0,0.0,1.0,0.0,1.0,1
0.16985083,0.38088813,0.7213775,0.17224945,-0.31795856,0.48594832,0.0,1.0,0.0,1.0,1.0,0.0,0.0,1.0,0.0,1.0,1.0,0.0,0.0,1.0,1
0.09611012,0.15971516,0.6003696,0.18821722,2.0404477e-06,0.500036,1.0,0.0,0.0,1.0,0.0,1.0,0.0,1.0,1.0,0.0,0.0,1.0,0.0,1.0,1
0.2740878,0.11774359,0.6338313,0.1021951,-0.00012090207,0.4490624,1.0,0.0,1.0,0.0,0.0,1.0,1.0,0.0,0.0,1.0,0.0,1.0,0.0,1.0,1
0.8317281,-0.36701736,0.35645464,0.2334252,-0.3932825,0.20547844,0.0,1.0,0.0,1.0,1.0,0.0,0.0,1.0,0.0,1.0,0.0,1.0,0.0,1.0,1
-0.27529478,-0.43671072,0.31131452,0.22370905,-0.41134375,0.9054991,0.0,1.0,1.0,0.0,0.0,1.0,0.0,1.0,0.0,1.0,1.0,0.0,0.0,1.0,1
0.02239795,0.9136469,0.17130236,0.28598616,-0.7644772,0.79223514,0.0,1.0,0.0,1.0,1.0,0.0,0.0,1.0,0.0,1.0,1.0,0.0,0.0,1.0,1
0.2874819,0.120987475,0.578245,0.10729529,-0.00016307141,0.4999389,1.0,0.0,1.0,0.0,0.0,1.0,1.0,0.0,0.0,1.0,0.0,1.0,0.0,1.0,1
0.36997786,0.06559625,0.45282027,0.19107364,0.00034865033,0.45969895,0.0,1.0,0.0,1.0,1.0,0.0,0.0,1.0,1.0,0.0,1.0,0.0,1.0,0.0,1
0.3897083,0.58395416,0.20700237,0.21133341,0.54300374,-0.013695851,0.0,1.0,0.0,1.0,1.0,0.0,0.0,1.0,0.0,1.0,0.0,1.0,0.0,1.0,1
-0.48023307,0.97676337,0.0033409144,0.28155875,0.7768774,-0.30177018,0.0,1.0,1.0,0.0,0.0,1.0,1.0,0.0,1.0,0.0,0.0,1.0,0.0,1.0,1
0.30141166,0.13237955,0.5295452,0.11531169,-0.00063259696,0.4998285,1.0,0.0,1.0,0.0,0.0,1.0,1.0,0.0,0.0,1.0,0.0,1.0,0.0,1.0,1
0.5489357,0.12055021,0.19131343,0.24797425,0.0016720907,0.30767548,0.0,1.0,0.0,1.0,0.0,1.0,0.0,1.0,1.0,0.0,1.0,0.0,0.0,1.0,1
1.0000389,-1.0784009,-0.074611396,0.29642162,1.0509675,-0.49741477,0.0,1.0,0.0,1.0,0.0,1.0,0.0,1.0,0.0,1.0,0.0,1.0,0.0,1.0,1
-0.7759522,1.1892742,1.671685,0.3498669,-1.0761137,-0.5124121,1.0,0.0,0.0,1.0,0.0,1.0,0.0,1.0,0.0,1.0,1.0,0.0,0.0,1.0,1
0.36990824,0.3524359,0.6147442,0.14342326,0.18932828,0.5009226,1.0,0.0,0.0,1.0,0.0,1.0,0.0,1.0,1.0,0.0,1.0,0.0,0.0,1.0,1
-0.43444118,-0.6457688,0.12252486,0.16630632,0.5899932,1.0677218,0.0,1.0,1.0,0.0,0.0,1.0,1.0,0.0,0.0,1.0,0.0,1.0,0.0,1.0,1
0.16566382,0.08226987,1.0019066,0.1109942,0.0003953657,0.39788043,0.0,1.0,0.0,1.0,1.0,0.0,0.0,1.0,0.0,1.0,0.0,1.0,0.0,1.0,1
0.17848107,0.1525344,0.6378513,0.18731242,-2.953036e-05,0.3986041,0.0,1.0,0.0,1.0,0.0,1.0,0.0,1.0,0.0,1.0,1.0,0.0,0.0,1.0,1
1.254393,1.6129912,-0.32205275,0.47287133,-1.211605,-0.6911327,0.0,1.0,0.0,1.0,0.0,1.0,0.0,1.0,0.0,1.0,0.0,1.0,0.0,1.0,1
0.13693467,0.12829034,0.6111184,0.094989985,0.0001658855,0.4999618,0.0,1.0,1.0,0.0,0.0,1.0,1.0,0.0,0.0,1.0,0.0,1.0,0.0,1.0,1
0.2054217,0.048128005,0.57900566,0.191803,-0.00084899284,0.448606,0.0,1.0,0.0,1.0,0.0,1.0,0.0,1.0,0.0,1.0,1.0,0.0,0.0,1.0,1
0.56155014,0.026549488,0.33331922,0.15992162,-1.5617785e-05,0.07158696,0.0,1.0,1.0,0.0,0.0,1.0,0.0,1.0,0.0,1.0,1.0,0.0,0.0,1.0,1
0.24654175,0.14971066,0.6402258,0.104149245,-0.00012055307,0.39763287,1.0,0.0,1.0,0.0,0.0,1.0,1.0,0.0,0.0,1.0,0.0,1.0,0.0,1.0,1
0.46083674,0.9803191,0.8643025,0.13383502,-0.8753145,0.8520703,0.0,1.0,0.0,1.0,0.0,1.0,0.0,1.0,0.0,1.0,0.0,1.0,0.0,1.0,1
1.2959068,1.6181691,-0.28092462,0.4659369,-1.2146863,-0.7078825,0.0,1.0,0.0,1.0,0.0,1.0,0.0,1.0,0.0,1.0,0.0,1.0,0.0,1.0,1
-0.545096,-0.9584234,-0.006975308,0.43176076,1.0126784,-0.35931677,1.0,0.0,0.0,1.0,1.0,0.0,0.0,1.0,0.0,1.0,0.0,1.0,0.0,1.0,1
-0.8897659,-1.182085,1.0954686,0.15267347,1.0190984,1.248502,1.0,0.0,0.0,1.0,0.0,1.0,0.0,1.0,0.0,1.0,1.0,0.0,0.0,1.0,1
0.28837243,0.6501456,0.15702653,0.23005141,-0.4611941,0.8451836,0.0,1.0,0.0,1.0,1.0,0.0,0.0,1.0,0.0,1.0,1.0,0.0,0.0,1.0,1
0.24726751,0.1459848,0.53358907,0.1029636,0.0012327096,0.3991294,0.0,1.0,1.0,0.0,1.0,0.0,0.0,1.0,1.0,0.0,1.0,0.0,0.0,1.0,1
-0.03580092,0.44878772,0.76141757,0.15602694,0.22508508,0.5563569,1.0,0.0,0.0,1.0,0.0,1.0,0.0,1.0,1.0,0.0,1.0,0.0,0.0,1.0,1
1.1568153,0.5291451,0.48332128,0.05122562,0.3530916,0.66336215,0.0,1.0,0.0,1.0,1.0,0.0,0.0,1.0,0.0,1.0,1.0,0.0,0.0,1.0,1
1.0334568,0.7956309,-0.09392506,0.026471615,0.5871166,1.0003203,0.0,1.0,1.0,0.0,1.0,0.0,1.0,0.0,0.0,1.0,0.0,1.0,0.0,1.0,1
-1.2499709,2.0465748,1.9380975,0.527605,-1.782691,-1.2384264,0.0,1.0,0.0,1.0,1.0,0.0,0.0,1.0,0.0,1.0,1.0,0.0,0.0,1.0,1
0.23276255,0.09189917,0.58425343,0.10630308,-0.0004809153,0.31638584,0.0,1.0,1.0,0.0,0.0,1.0,0.0,1.0,0.0,1.0,1.0,0.0,0.0,1.0,1
0.17806683,0.09478622,0.44420433,0.15989979,-0.00051660213,0.39768863,0.0,1.0,1.0,0.0,0.0,1.0,1.0,0.0,0.0,1.0,0.0,1.0,1.0,0.0,1
-0.49977577,-0.782744,1.2844654,0.08486977,0.6820076,1.1867142,0.0,1.0,0.0,1.0,0.0,1.0,0.0,1.0,0.0,1.0,0.0,1.0,0.0,1.0,1
0.5070574,0.13555859,0.80018777,0.054628234,-0.00015935986,0.3468622,0.0,1.0,1.0,0.0,0.0,1.0,1.0,0.0,0.0,1.0,0.0,1.0,0.0,1.0,1
0.41123536,0.17033353,0.60029405,0.059698783,-6.2553416e-05,0.50029594,0.0,1.0,1.0,0.0,1.0,0.0,1.0,0.0,0.0,1.0,0.0,1.0,0.0,1.0,1
0.24094152,-0.21432692,0.73099196,0.22530502,-0.26726562,0.2261924,0.0,1.0,0.0,1.0,0.0,1.0,0.0,1.0,1.0,0.0,1.0,0.0,0.0,1.0,1
0.9781663,1.4920274,1.4755074,0.24121566,-1.5128986,-0.8078602,0.0,1.0,0.0,1.0,0.0,1.0,0.0,1.0,1.0,0.0,0.0,1.0,0.0,1.0,1
0.38389808,0.2852146,0.32062438,0.23052533,0.0001566532,0.39800236,0.0,1.0,0.0,1.0,0.0,1.0,0.0,1.0,0.0,1.0,1.0,0.0,1.0,0.0,1
-1.0148822,-1.4401708,1.3760438,0.12830184,1.1843966,1.4671953,1.0,0.0,0.0,1.0,0.0,1.0,0.0,1.0,0.0,1.0,0.0,1.0,0.0,1.0,1
1.1787748,0.8518382,0.35609606,0.12836605,-0.6875137,1.0609379,0.0,1.0,0.0,1.0,1.0,0.0,0.0,1.0,0.0,1.0,0.0,1.0,0.0,1.0,1
-1.2934911,2.3582084,-0.94693446,0.7014998,2.1519434,-1.3604987,0.0,1.0,0.0,1.0,0.0,1.0,0.0,1.0,0.0,1.0,0.0,1.0,0.0,1.0,1
0.46573862,0.056211807,0.5333221,0.08626083,0.00013096396,0.3978199,0.0,1.0,1.0,0.0,1.0,0.0,1.0,0.0,0.0,1.0,0.0,1.0,0.0,1.0,1
0.300437,0.66291726,0.6559421,0.20575486,-0.57770807,0.39106992,0.0,1.0,0.0,1.0,0.0,1.0,0.0,1.0,0.0,1.0,0.0,1.0,0.0,1.0,1
0.5588569,-0.4296241,1.2980216,-0.0936733,0.443852,1.1146826,0.0,1.0,0.0,1.0,1.0,0.0,0.0,1.0,0.0,1.0,1.0,0.0,0.0,1.0,1
0.16434541,0.22853,0.80038875,0.08845978,-1.0953905e-05,0.39805743,0.0,1.0,1.0,0.0,1.0,0.0,0.0,1.0,0.0,1.0,0.0,1.0,0.0,1.0,1
0.26932508,-0.7984513,0.74295145,0.08115694,0.7146644,0.6433722,0.0,1.0,0.0,1.0,1.0,0.0,0.0,1.0,0.0,1.0,0.0,1.0,0.0,1.0,1
1.0662417,-0.8063009,0.26841694,0.2564668,0.7813337,-0.3130517,1.0,0.0,0.0,1.0,0.0,1.0,0.0,1.0,0.0,1.0,1.0,0.0,0.0,1.0,1
